        Frequency / MHz                Port 1 [1] (FeedLine_Length=9.7678)/real
----------------------------------------------------------------------
                      50                       4.1773567
                    50.1                       4.2300012
                    50.2                       4.2849786
                    50.3                       4.3423041
                    50.4                       4.4019892
                    50.5                       4.4640425
                    50.6                       4.5284704
                    50.7                       4.5952778
                    50.8                       4.6644693
                    50.9                       4.7360497
                      51                       4.8100253
                    51.1                       4.8864043
                    51.2                        4.965198
                    51.3                       5.0464212
                    51.4                       5.1300927
                    51.5                       5.2162362
                    51.6                       5.3048806
                    51.7                       5.3960601
                    51.8                       5.4898148
                    51.9                       5.5861907
                      52                       5.6852396
                    52.1                       5.7870194
                    52.2                       5.8915936
                    52.3                       5.9990315
                    52.4                       6.1094076
                    52.5                       6.2228015
                    52.6                       6.3392977
                    52.7                       6.4589851
                    52.8                       6.5819564
                    52.9                       6.7083081
                      53                       6.8381401
                    53.1                       6.9715551
                    53.2                       7.1086585
                    53.3                        7.249558
                    53.4                       7.3943634
                    53.5                       7.5431864
                    53.6                       7.6961404
                    53.7                       7.8533405
                    53.8                       8.0149033
                    53.9                        8.180947
                      54                       8.3515916
                    54.1                       8.5269587
                    54.2                       8.7071719
                    54.3                        8.892357
                    54.4                       9.0826421
                    54.5                       9.2781581
                    54.6                       9.4790389
                    54.7                       9.6854217
                    54.8                       9.8974475
                    54.9                       10.115262
                      55                       10.339014
                    55.1                       10.568858
                    55.2                       10.804956
                    55.3                       11.047472
                    55.4                        11.29658
                    55.5                       11.552456
                    55.6                       11.815289
                    55.7                       12.085269
                    55.8                         12.3626
                    55.9                       12.647488
                      56                       12.940152
                    56.1                       13.240818
                    56.2                       13.549719
                    56.3                       13.867101
                    56.4                       14.193217
                    56.5                       14.528328
                    56.6                       14.872709
                    56.7                        15.22664
                    56.8                       15.590416
                    56.9                       15.964338
                      57                       16.348719
                    57.1                       16.743883
                    57.2                       17.150164
                    57.3                       17.567906
                    57.4                       17.997466
                    57.5                       18.439209
                    57.6                       18.893514
                    57.7                       19.360768
                    57.8                       19.841373
                    57.9                        20.33574
                      58                       20.844294
                    58.1                       21.367471
                    58.2                       21.905718
                    58.3                       22.459499
                    58.4                       23.029286
                    58.5                       23.615568
                    58.6                       24.218846
                    58.7                       24.839638
                    58.8                       25.478473
                    58.9                       26.135897
                      59                       26.812473
                    59.1                       27.508778
                    59.2                       28.225407
                    59.3                       28.962971
                    59.4                       29.722101
                    59.5                       30.503445
                    59.6                        31.30767
                    59.7                       32.135461
                    59.8                       32.987525
                    59.9                       33.864588
                      60                       34.767396
                    60.1                       35.696717
                    60.2                        36.65334
                    60.3                       37.638073
                    60.4                       38.651747
                    60.5                       39.695214
                    60.6                       40.769346
                    60.7                       41.875036
                    60.8                       43.013196
                    60.9                       44.184758
                      61                       45.390671
                    61.1                       46.631904
                    61.2                       47.909438
                    61.3                       49.224273
                    61.4                       50.577417
                    61.5                       51.969893
                    61.6                       53.402731
                    61.7                       54.876967
                    61.8                       56.393642
                    61.9                       57.953797
                      62                       59.558472
                    62.1                         61.2087
                    62.2                       62.905505
                    62.3                       64.649898
                    62.4                       66.442873
                    62.5                       68.285402
                    62.6                       70.178429
                    62.7                       72.122867
                    62.8                       74.119591
                    62.9                       76.169434
                      63                       78.273176
                    63.1                       80.431544
                    63.2                       82.645201
                    63.3                       84.914739
                    63.4                       87.240672
                    63.5                       89.623426
                    63.6                       92.063333
                    63.7                       94.560619
                    63.8                       97.115396
                    63.9                       99.727651
                      64                       102.39724
                    64.1                       105.12386
                    64.2                       107.90706
                    64.3                       110.74621
                    64.4                       113.64052
                    64.5                       116.58898
                    64.6                       119.59037
                    64.7                       122.64327
                    64.8                       125.74602
                    64.9                        128.8967
                      65                       132.09315
                    65.1                       135.33293
                    65.2                       138.61333
                    65.3                       141.93134
                    65.4                       145.28367
                    65.5                       148.66673
                    65.6                       152.07661
                    65.7                       155.50911
                    65.8                       158.95972
                    65.9                       162.42364
                      66                       165.89577
                    66.1                       169.37072
                    66.2                       172.84287
                    66.3                       176.30631
                    66.4                       179.75494
                    66.5                       183.18243
                    66.6                       186.58231
                    66.7                       189.94794
                    66.8                        193.2726
                    66.9                        196.5495
                      67                        199.7718
                    67.1                        202.9327
                    67.2                       206.02546
                    67.3                       209.04342
                    67.4                        211.9801
                    67.5                       214.82917
                    67.6                       217.58458
                    67.7                        220.2405
                    67.8                       222.79146
                    67.9                       225.23231
                      68                       227.55828
                    68.1                       229.76503
                    68.2                       231.84864
                    68.3                       233.80564
                    68.4                       235.63305
                    68.5                       237.32837
                    68.6                       238.88959
                    68.7                       240.31521
                    68.8                       241.60422
                    68.9                        242.7561
                      69                       243.77084
                    69.1                       244.64888
                    69.2                       245.39113
                    69.3                       245.99896
                    69.4                       246.47415
                    69.5                       246.81888
                    69.6                       247.03571
                    69.7                       247.12755
                    69.8                       247.09763
                    69.9                       246.94948
                      70                       246.68688
                    70.1                       246.31385
                    70.2                       245.83462
                    70.3                       245.25357
                    70.4                       244.57523
                    70.5                       243.80424
                    70.6                       242.94531
                    70.7                       242.00323
                    70.8                       240.98277
                    70.9                       239.88873
                      71                       238.72588
                    71.1                       237.49892
                    71.2                       236.21251
                    71.3                       234.87119
                    71.4                       233.47941
                    71.5                       232.04151
                    71.6                       230.56168
                    71.7                       229.04396
                    71.8                       227.49226
                    71.9                       225.91031
                      72                       224.30168
                    72.1                       222.66978
                    72.2                       221.01784
                    72.3                       219.34893
                    72.4                       217.66593
                    72.5                       215.97159
                    72.6                       214.26847
                    72.7                       212.55898
                    72.8                       210.84538
                    72.9                       209.12977
                      73                       207.41413
                    73.1                       205.70029
                    73.2                       203.98996
                    73.3                       202.28472
                    73.4                       200.58604
                    73.5                       198.89528
                    73.6                        197.2137
                    73.7                       195.54248
                    73.8                       193.88266
                    73.9                       192.23526
                      74                       190.60116
                    74.1                       188.98121
                    74.2                       187.37616
                    74.3                       185.78669
                    74.4                       184.21345
                    74.5                       182.65698
                    74.6                        181.1178
                    74.7                       179.59636
                    74.8                       178.09305
                    74.9                       176.60822
                      75                       175.14217
                    75.1                       173.69514
                    75.2                       172.26735
                    75.3                       170.85896
                    75.4                       169.47009
                    75.5                       168.10082
                    75.6                       166.75121
                    75.7                       165.42126
                    75.8                       164.11097
                    75.9                       162.82029
                      76                       161.54913
                    76.1                       160.29741
                    76.2                       159.06499
                    76.3                       157.85174
                    76.4                       156.65751
                    76.5                        155.4821
                    76.6                       154.32534
                    76.7                       153.18702
                    76.8                       152.06693
                    76.9                       150.96487
                      77                        149.8806
                    77.1                       148.81391
                    77.2                       147.76456
                    77.3                       146.73233
                    77.4                       145.71699
                    77.5                       144.71832
                    77.6                       143.73609
                    77.7                       142.77008
                    77.8                       141.82008
                    77.9                       140.88587
                      78                       139.96723
                    78.1                       139.06397
                    78.2                       138.17588
                    78.3                       137.30276
                    78.4                       136.44441
                    78.5                       135.60063
                    78.6                       134.77123
                    78.7                       133.95602
                    78.8                        133.1548
                    78.9                       132.36738
                      79                       131.59357
                    79.1                       130.83318
                    79.2                       130.08601
                    79.3                       129.35187
                    79.4                       128.63055
                    79.5                       127.92187
                    79.6                       127.22561
                    79.7                       126.54159
                    79.8                       125.86959
                    79.9                       125.20942
                      80                       124.56087
                    80.1                       123.92374
                    80.2                       123.29783
                    80.3                       122.68293
                    80.4                       122.07884
                    80.5                       121.48537
                    80.6                       120.90233
                    80.7                       120.32951
                    80.8                       119.76674
                    80.9                       119.21383
                      81                       118.67061
                    81.1                        118.1369
                    81.2                       117.61253
                    81.3                       117.09735
                    81.4                       116.59119
                    81.5                       116.09392
                    81.6                       115.60539
                    81.7                       115.12546
                    81.8                       114.65401
                    81.9                        114.1909
                      82                       113.73601
                    82.1                       113.28924
                    82.2                       112.85047
                    82.3                       112.41959
                    82.4                        111.9965
                    82.5                        111.5811
                    82.6                       111.17328
                    82.7                       110.77295
                    82.8                       110.38001
                    82.9                       109.99437
                      83                       109.61593
                    83.1                        109.2446
                    83.2                       108.88028
                    83.3                       108.52286
                    83.4                       108.17227
                    83.5                       107.82839
                    83.6                       107.49114
                    83.7                        107.1604
                    83.8                       106.83609
                    83.9                        106.5181
                      84                       106.20634
                    84.1                        105.9007
                    84.2                       105.60109
                    84.3                       105.30741
                    84.4                       105.01956
                    84.5                       104.73746
                    84.6                       104.46101
                    84.7                       104.19013
                    84.8                       103.92472
                    84.9                       103.66471
                      85                       103.41003
                    85.1                       103.16059
                    85.2                       102.91632
                    85.3                       102.67716
                    85.4                       102.44305
                    85.5                       102.21393
                    85.6                       101.98975
                    85.7                       101.77044
                    85.8                       101.55598
                    85.9                        101.3463
                      86                       101.14136
                    86.1                       100.94114
                    86.2                       100.74558
                    86.3                       100.55465
                    86.4                       100.36831
                    86.5                       100.18653
                    86.6                       100.00927
                    86.7                       99.836491
                    86.8                       99.668159
                    86.9                       99.504233
                      87                       99.344673
                    87.1                       99.189437
                    87.2                       99.038482
                    87.3                       98.891762
                    87.4                        98.74923
                    87.5                       98.610838
                    87.6                       98.476536
                    87.7                       98.346271
                    87.8                       98.219993
                    87.9                       98.097648
                      88                       97.979182
                    88.1                       97.864544
                    88.2                       97.753679
                    88.3                       97.646538
                    88.4                       97.543069
                    88.5                       97.443226
                    88.6                       97.346961
                    88.7                       97.254233
                    88.8                          97.165
                    88.9                       97.079227
                      89                       96.996881
                    89.1                       96.917931
                    89.2                       96.842352
                    89.3                       96.770123
                    89.4                       96.701225
                    89.5                       96.635644
                    89.6                       96.573368
                    89.7                       96.514391
                    89.8                       96.458707
                    89.9                       96.406314
                      90                        96.35721
                    90.1                       96.311397
                    90.2                       96.268877
                    90.3                       96.229653
                    90.4                       96.193726
                    90.5                       96.161101
                    90.6                       96.131776
                    90.7                       96.105754
                    90.8                       96.083031
                    90.9                       96.063605
                      91                       96.047469
                    91.1                       96.034614
                    91.2                        96.02503
                    91.3                       96.018703
                    91.4                       96.015615
                    91.5                       96.015749
                    91.6                       96.019082
                    91.7                       96.025591
                    91.8                        96.03525
                    91.9                       96.048034
                      92                       96.063914
                    92.1                       96.082863
                    92.2                       96.104851
                    92.3                       96.129852
                    92.4                       96.157839
                    92.5                       96.188787
                    92.6                       96.222672
                    92.7                       96.259474
                    92.8                       96.299176
                    92.9                       96.341762
                      93                       96.387221
                    93.1                       96.435546
                    93.2                       96.486733
                    93.3                       96.540782
                    93.4                       96.597696
                    93.5                       96.657483
                    93.6                       96.720154
                    93.7                       96.785723
                    93.8                       96.854207
                    93.9                       96.925624
                      94                       96.999997
                    94.1                       97.077346
                    94.2                       97.157697
                    94.3                       97.241071
                    94.4                       97.327494
                    94.5                       97.416988
                    94.6                       97.509574
                    94.7                       97.605272
                    94.8                         97.7041
                    94.9                       97.806072
                      95                       97.911202
                    95.1                       98.019497
                    95.2                       98.130965
                    95.3                       98.245608
                    95.4                       98.363426
                    95.5                       98.484416
                    95.6                       98.608571
                    95.7                       98.735883
                    95.8                       98.866342
                    95.9                       98.999935
                      96                       99.136649
                    96.1                        99.27647
                    96.2                       99.419384
                    96.3                       99.565377
                    96.4                       99.714439
                    96.5                       99.866559
                    96.6                       100.02173
                    96.7                       100.17994
                    96.8                        100.3412
                    96.9                        100.5055
                      97                       100.67286
                    97.1                       100.84328
                    97.2                       101.01678
                    97.3                       101.19337
                    97.4                       101.37308
                    97.5                       101.55595
                    97.6                       101.74199
                    97.7                       101.93125
                    97.8                       102.12377
                    97.9                       102.31958
                      98                       102.51873
                    98.1                       102.72126
                    98.2                       102.92723
                    98.3                       103.13667
                    98.4                       103.34962
                    98.5                       103.56614
                    98.6                       103.78626
                    98.7                       104.01003
                    98.8                       104.23747
                    98.9                       104.46862
                      99                       104.70351
                    99.1                       104.94216
                    99.2                       105.18459
                    99.3                       105.43082
                    99.4                       105.68085
                    99.5                        105.9347
                    99.6                       106.19237
                    99.7                       106.45386
                    99.8                       106.71917
                    99.9                        106.9883
                     100                       107.26123
                   100.1                       107.53797
                   100.2                       107.81851
                   100.3                       108.10285
                   100.4                       108.39098
                   100.5                       108.68291
                   100.6                       108.97864
                   100.7                       109.27818
                   100.8                       109.58154
                   100.9                       109.88875
                     101                       110.19982
                   101.1                        110.5148
                   101.2                        110.8337
                   101.3                       111.15659
                   101.4                       111.48351
                   101.5                        111.8145
                   101.6                       112.14964
                   101.7                       112.48899
                   101.8                        112.8326
                   101.9                       113.18057
                     102                       113.53295
                   102.1                       113.88982
                   102.2                       114.25125
                   102.3                       114.61733
                   102.4                       114.98812
                   102.5                       115.36369
                   102.6                        115.7441
                   102.7                       116.12942
                   102.8                        116.5197
                   102.9                       116.91499
                     103                       117.31533
                   103.1                       117.72076
                   103.2                        118.1313
                   103.3                       118.54699
                   103.4                       118.96784
                   103.5                       119.39385
                   103.6                       119.82504
                   103.7                       120.26141
                   103.8                       120.70294
                   103.9                       121.14965
                     104                       121.60151
                   104.1                       122.05853
                   104.2                       122.52069
                   104.3                       122.98801
                   104.4                       123.46046
                   104.5                       123.93807
                   104.6                       124.42084
                   104.7                        124.9088
                   104.8                       125.40197
                   104.9                       125.90038
                     105                       126.40408
                   105.1                       126.91313
                   105.2                       127.42759
                   105.3                       127.94753
                   105.4                       128.47303
                   105.5                       129.00418
                   105.6                       129.54108
                   105.7                       130.08384
                   105.8                       130.63254
                   105.9                       131.18731
                     106                       131.74825
                   106.1                       132.31547
                   106.2                       132.88908
                   106.3                       133.46918
                   106.4                       134.05585
                   106.5                       134.64919
                   106.6                       135.24927
                   106.7                       135.85616
                   106.8                       136.46991
                   106.9                       137.09055
                     107                       137.71812
                   107.1                       138.35261
                   107.2                       138.99402
                   107.3                       139.64234
                   107.4                       140.29753
                   107.5                       140.95954
                   107.6                       141.62833
                   107.7                       142.30381
                   107.8                       142.98592
                   107.9                       143.67457
                     108                       144.36969
                   108.1                       145.07119
                   108.2                       145.77898
                   108.3                       146.49299
                   108.4                       147.21315
                   108.5                       147.93939
                   108.6                       148.67166
                   108.7                       149.40991
                   108.8                       150.15412
                   108.9                       150.90427
                     109                       151.66035
                   109.1                       152.42238
                   109.2                       153.19037
                   109.3                       153.96436
                   109.4                       154.74439
                   109.5                       155.53049
                   109.6                       156.32272
                   109.7                       157.12111
                   109.8                        157.9257
                   109.9                       158.73652
                     110                       159.55357
                   110.1                       160.37685
                   110.2                        161.2063
                   110.3                       162.04186
                   110.4                       162.88342
                   110.5                       163.73084
                   110.6                       164.58392
                   110.7                       165.44242
                   110.8                       166.30607
                   110.9                       167.17452
                     111                       168.04739
                   111.1                       168.92424
                   111.2                       169.80459
                   111.3                       170.68793
                   111.4                       171.57368
                   111.5                       172.46127
                   111.6                       173.35007
                   111.7                       174.23947
                   111.8                       175.12883
                   111.9                       176.01753
                     112                       176.90497
                   112.1                       177.79059
                   112.2                       178.67386
                   112.3                       179.55434
                   112.4                       180.43162
                   112.5                       181.30543
                   112.6                       182.17555
                   112.7                       183.04192
                   112.8                       183.90455
                   112.9                       184.76364
                     113                       185.61947
                   113.1                        186.4725
                   113.2                       187.32334
                   113.3                       188.17273
                   113.4                       189.02157
                   113.5                        189.8709
                   113.6                        190.7219
                   113.7                       191.57589
                   113.8                       192.43431
                   113.9                        193.2987
                     114                       194.17072
                   114.1                        195.0521
                   114.2                       195.94464
                   114.3                       196.85021
                   114.4                       197.77068
                   114.5                       198.70796
                   114.6                       199.66397
                   114.7                       200.64058
                   114.8                       201.63964
                   114.9                       202.66294
                     115                       203.71218
                   115.1                         204.789
                   115.2                        205.8949
                   115.3                       207.03127
                   115.4                       208.19936
                   115.5                       209.40028
                   115.6                       210.63496
                   115.7                       211.90417
                   115.8                       213.20851
                   115.9                       214.54837
                     116                       215.92397
                   116.1                       217.33533
                   116.2                       218.78229
                   116.3                       220.26447
                   116.4                       221.78133
                   116.5                       223.33213
                   116.6                       224.91597
                   116.7                       226.53178
                   116.8                       228.17834
                   116.9                       229.85427
                     117                       231.55811
                   117.1                       233.28826
                   117.2                       235.04304
                   117.3                       236.82071
                   117.4                       238.61947
                   117.5                        240.4375
                   117.6                       242.27297
                   117.7                       244.12406
                   117.8                       245.98897
                   117.9                       247.86598
                     118                       249.75339
                   118.1                       251.64963
                   118.2                       253.55316
                   118.3                        255.4626
                   118.4                       257.37665
                   118.5                       259.29412
                   118.6                       261.21394
                   118.7                       263.13516
                   118.8                       265.05693
                   118.9                       266.97854
                     119                       268.89932
                   119.1                       270.81875
                   119.2                       272.73635
                   119.3                       274.65171
                   119.4                       276.56448
                   119.5                       278.47434
                   119.6                         280.381
                   119.7                       282.28417
                   119.8                       284.18356
                   119.9                       286.07886
                     120                       287.96973
                   120.1                       289.85579
                   120.2                       291.73661
                   120.3                        293.6117
                   120.4                       295.48052
                   120.5                       297.34245
                   120.6                       299.19682
                   120.7                       301.04288
                   120.8                       302.87981
                   120.9                       304.70677
                     121                       306.52281
                   121.1                       308.32698
                   121.2                       310.11827
                   121.3                       311.89564
                   121.4                       313.65805
                   121.5                       315.40441
                   121.6                       317.13367
                   121.7                       318.84476
                   121.8                       320.53664
                   121.9                        322.2083
                     122                       323.85876
                   122.1                       325.48707
                   122.2                       327.09232
                   122.3                       328.67369
                   122.4                       330.23035
                   122.5                       331.76156
                   122.6                       333.26664
                   122.7                       334.74492
                   122.8                        336.1958
                   122.9                       337.61873
                     123                        339.0132
                   123.1                        340.3787
                   123.2                       341.71479
                   123.3                       343.02102
                   123.4                       344.29697
                   123.5                       345.54223
                   123.6                        346.7564
                   123.7                       347.93906
                   123.8                       349.08979
                   123.9                       350.20818
                     124                       351.29379
                   124.1                       352.34617
                   124.2                       353.36486
                   124.3                       354.34938
                   124.4                       355.29925
                   124.5                       356.21396
                   124.6                       357.09301
                   124.7                       357.93589
                   124.8                        358.7421
                   124.9                       359.51113
                     125                       360.24249
                   125.1                       360.93572
                   125.2                       361.59038
                   125.3                       362.20605
                   125.4                       362.78236
                   125.5                       363.31898
                   125.6                       363.81563
                   125.7                       364.27209
                   125.8                        364.6882
                   125.9                       365.06385
                     126                       365.39901
                   126.1                       365.69373
                   126.2                       365.94811
                   126.3                       366.16234
                   126.4                       366.33666
                   126.5                       366.47142
                   126.6                       366.56701
                   126.7                       366.62389
                   126.8                        366.6426
                   126.9                       366.62373
                     127                       366.56793
                   127.1                       366.47589
                   127.2                       366.34836
                   127.3                       366.18613
                   127.4                       365.98999
                   127.5                       365.76081
                   127.6                       365.49942
                   127.7                       365.20671
                   127.8                       364.88355
                   127.9                        364.5308
                     128                       364.14935
                   128.1                       363.74003
                   128.2                        363.3037
                   128.3                       362.84115
                   128.4                       362.35319
                   128.5                       361.84057
                   128.6                       361.30402
                   128.7                       360.74426
                   128.8                       360.16195
                   128.9                       359.55774
                     129                       358.93225
                   129.1                        358.2861
                   129.2                       357.61985
                   129.3                       356.93409
                   129.4                       356.22937
                   129.5                       355.50627
                   129.6                       354.76537
                   129.7                       354.00724
                   129.8                       353.23249
                   129.9                       352.44175
                     130                        351.6357
                   130.1                       350.81501
                   130.2                       349.98044
                   130.3                       349.13276
                   130.4                       348.27278
                   130.5                       347.40137
                   130.6                       346.51941
                   130.7                       345.62783
                   130.8                       344.72759
                   130.9                       343.81964
                     131                       342.90496
                   131.1                       341.98451
                   131.2                       341.05923
                   131.3                       340.13001
                   131.4                       339.19771
                   131.5                       338.26308
                   131.6                       337.32681
                   131.7                       336.38946
                   131.8                       335.45145
                   131.9                       334.51308
                     132                       333.57445
                   132.1                        332.6355
                   132.2                       331.69595
                   132.3                       330.75532
                   132.4                        329.8129
                   132.5                       328.86774
                   132.6                       327.91864
                   132.7                       326.96417
                   132.8                       326.00265
                   132.9                       325.03212
                     133                        324.0504
                   133.1                       323.05505
                   133.2                       322.04337
                   133.3                       321.01245
                   133.4                       319.95912
                   133.5                       318.87999
                   133.6                       317.77145
                   133.7                       316.62964
                   133.8                       315.45051
                   133.9                       314.22974
                     134                       312.96279
                   134.1                       311.64488
                   134.2                       310.27092
                   134.3                       308.83557
                   134.4                       307.33314
                   134.5                       305.75757
                   134.6                       304.10242
                   134.7                       302.36082
                   134.8                       300.52537
                   134.9                       298.58818
                     135                       296.54075
                   135.1                       294.37397
                   135.2                        292.0781
                   135.3                        289.6427
                   135.4                       287.05668
                   135.5                       284.30831
                   135.6                       281.38526
                   135.7                       278.27469
                   135.8                       274.96339
                   135.9                       271.43794
                     136                       267.68496
                   136.1                       263.69136
                   136.2                        259.4447
                   136.3                       254.93359
                   136.4                       250.14813
                   136.5                        245.0804
                   136.6                       239.72499
                   136.7                       234.07952
                   136.8                       228.14516
                   136.9                       221.92713
                     137                       215.43512
                   137.1                       208.68356
                   137.2                       201.69184
                   137.3                       194.48434
                   137.4                        187.0902
                   137.5                       179.54306
                   137.6                       171.88046
                   137.7                       164.14313
                   137.8                       156.37413
                   137.9                       148.61786
                     138                       140.91901
                   138.1                       133.32154
                   138.2                       125.86761
                   138.3                       118.59668
                   138.4                       111.54471
                   138.5                       104.74353
                   138.6                       98.220398
                   138.7                       91.997689
                   138.8                       86.092847
                   138.9                       80.518437
                     139                       75.282366
                   139.1                       70.388197
                   139.2                       65.835565
                   139.3                       61.620636
                   139.4                       57.736589
                   139.5                       54.174117
                   139.6                       50.921902
                   139.7                       47.967066
                   139.8                       45.295585
                   139.9                       42.892656
                     140                       40.743021
                   140.1                        38.83124
                   140.2                       37.141918
                   140.3                       35.659891
                   140.4                       34.370374
                   140.5                       33.259068
                   140.6                       32.312248
                   140.7                       31.516809
                   140.8                       30.860312
                   140.9                       30.330988
                     141                        29.91775
                   141.1                        29.61018
                   141.2                        29.39851
                   141.3                       29.273603
                   141.4                       29.226923
                   141.5                       29.250504
                   141.6                       29.336923
                   141.7                        29.47926
                   141.8                       29.671078
                   141.9                       29.906381
                     142                       30.179596
                   142.1                        30.48554
                   142.2                       30.819399
                   142.3                       31.176705
                   142.4                       31.553316
                   142.5                       31.945401
                   142.6                       32.349424
                   142.7                       32.762131
                   142.8                       33.180539
                   142.9                       33.601929
                     143                       34.023834
                   143.1                       34.444037
                   143.2                       34.860562
                   143.3                       35.271669
                   143.4                       35.675849
                   143.5                        36.07182
                   143.6                       36.458518
                   143.7                        36.83509
                   143.8                       37.200888
                   143.9                       37.555462
                     144                       37.898543
                   144.1                       38.230038
                   144.2                       38.550013
                   144.3                        38.85868
                   144.4                       39.156382
                   144.5                       39.443576
                   144.6                       39.720816
                   144.7                       39.988735
                   144.8                       40.248027
                   144.9                       40.499431
                     145                       40.743712
                   145.1                       40.981644
                   145.2                       41.213995
                   145.3                       41.441515
                   145.4                       41.664918
                   145.5                       41.884874
                   145.6                          42.102
                   145.7                       42.316849
                   145.8                       42.529908
                   145.9                        42.74159
                     146                       42.952235
                   146.1                       43.162106
                   146.2                       43.371394
                   146.3                       43.580219
                   146.4                       43.788634
                   146.5                       43.996631
                   146.6                       44.204145
                   146.7                       44.411066
                   146.8                       44.617242
                   146.9                       44.822492
                     147                       45.026609
                   147.1                       45.229375
                   147.2                       45.430566
                   147.3                       45.629961
                   147.4                       45.827348
                   147.5                       46.022537
                   147.6                       46.215359
                   147.7                       46.405676
                   147.8                       46.593387
                   147.9                       46.778424
                     148                       46.960764
                   148.1                       47.140422
                   148.2                       47.317456
                   148.3                       47.491962
                   148.4                       47.664076
                   148.5                       47.833967
                   148.6                       48.001832
                   148.7                       48.167898
                   148.8                       48.332407
                   148.9                       48.495616
                     149                       48.657792
                   149.1                         48.8192
                   149.2                       48.980101
                   149.3                       49.140745
                   149.4                       49.301365
                   149.5                       49.462173
                   149.6                       49.623353
                   149.7                        49.78506
                   149.8                       49.947415
                   149.9                       50.110507
                     150                       50.274386

