        Frequency / MHz                Port 1 [1] (FeedLine_Length=9.7678)/imaginary
----------------------------------------------------------------------
                      50                       -53.29575
                    50.1                      -52.421257
                    50.2                      -51.544942
                    50.3                      -50.666775
                    50.4                      -49.786719
                    50.5                      -48.904738
                    50.6                      -48.020786
                    50.7                      -47.134816
                    50.8                      -46.246772
                    50.9                      -45.356596
                      51                      -44.464221
                    51.1                      -43.569576
                    51.2                      -42.672586
                    51.3                      -41.773168
                    51.4                      -40.871238
                    51.5                      -39.966705
                    51.6                      -39.059476
                    51.7                      -38.149456
                    51.8                      -37.236545
                    51.9                      -36.320645
                      52                      -35.401653
                    52.1                      -34.479467
                    52.2                      -33.553988
                    52.3                      -32.625112
                    52.4                       -31.69274
                    52.5                      -30.756774
                    52.6                      -29.817114
                    52.7                      -28.873666
                    52.8                      -27.926337
                    52.9                      -26.975034
                      53                      -26.019668
                    53.1                      -25.060151
                    53.2                      -24.096399
                    53.3                      -23.128327
                    53.4                      -22.155854
                    53.5                      -21.178898
                    53.6                      -20.197381
                    53.7                      -19.211223
                    53.8                      -18.220346
                    53.9                      -17.224672
                      54                      -16.224123
                    54.1                       -15.21862
                    54.2                      -14.208085
                    54.3                      -13.192436
                    54.4                      -12.171593
                    54.5                      -11.145472
                    54.6                      -10.113989
                    54.7                      -9.0770585
                    54.8                      -8.0345913
                    54.9                      -6.9864978
                      55                      -5.9326862
                    55.1                      -4.8730625
                    55.2                      -3.8075312
                    55.3                      -2.7359948
                    55.4                      -1.6583544
                    55.5                     -0.57450967
                    55.6                      0.51564107
                    55.7                       1.6122003
                    55.8                       2.7152712
                    55.9                       3.8249574
                      56                       4.9413626
                    56.1                       6.0645901
                    56.2                       7.1947429
                    56.3                       8.3319228
                    56.4                       9.4762304
                    56.5                       10.627765
                    56.6                       11.786623
                    56.7                       12.952898
                    56.8                       14.126684
                    56.9                       15.308069
                      57                       16.497137
                    57.1                       17.693971
                    57.2                       18.898648
                    57.3                       20.111241
                    57.4                       21.331818
                    57.5                       22.560442
                    57.6                       23.797172
                    57.7                       25.042059
                    57.8                       26.295151
                    57.9                       27.556486
                      58                         28.8261
                    58.1                       30.104017
                    58.2                       31.390257
                    58.3                       32.684833
                    58.4                       33.987747
                    58.5                       35.298994
                    58.6                       36.618562
                    58.7                       37.946425
                    58.8                       39.282552
                    58.9                       40.626898
                      59                       41.979408
                    59.1                       43.340015
                    59.2                       44.708637
                    59.3                       46.085181
                    59.4                       47.469537
                    59.5                        48.86158
                    59.6                       50.261168
                    59.7                       51.668141
                    59.8                       53.082316
                    59.9                       54.503492
                      60                       55.931444
                    60.1                        57.36592
                    60.2                       58.806645
                    60.3                       60.253312
                    60.4                       61.705584
                    60.5                       63.163092
                    60.6                       64.625432
                    60.7                       66.092159
                    60.8                       67.562791
                    60.9                       69.036802
                      61                        70.51362
                    61.1                       71.992626
                    61.2                       73.473147
                    61.3                        74.95446
                    61.4                       76.435781
                    61.5                        77.91627
                    61.6                        79.39502
                    61.7                       80.871063
                    61.8                       82.343359
                    61.9                       83.810797
                      62                       85.272192
                    62.1                       86.726282
                    62.2                       88.171724
                    62.3                       89.607092
                    62.4                       91.030876
                    62.5                       92.441477
                    62.6                       93.837205
                    62.7                       95.216278
                    62.8                        96.57682
                    62.9                       97.916856
                      63                       99.234313
                    63.1                       100.52702
                    63.2                        101.7927
                    63.3                       103.02898
                    63.4                       104.23337
                    63.5                       105.40329
                    63.6                       106.53605
                    63.7                       107.62887
                    63.8                       108.67884
                    63.9                       109.68296
                      64                       110.63816
                    64.1                       111.54123
                    64.2                        112.3889
                    64.3                        113.1778
                    64.4                       113.90449
                    64.5                       114.56546
                    64.6                       115.15712
                    64.7                       115.67585
                    64.8                       116.11797
                    64.9                       116.47979
                      65                       116.75759
                    65.1                       116.94769
                    65.2                        117.0464
                    65.3                       117.05009
                    65.4                       116.95521
                    65.5                       116.75828
                    65.6                       116.45597
                    65.7                       116.04508
                    65.8                       115.52259
                    65.9                       114.88568
                      66                       114.13178
                    66.1                       113.25857
                    66.2                       112.26405
                    66.3                       111.14652
                    66.4                       109.90466
                    66.5                       108.53752
                    66.6                       107.04457
                    66.7                        105.4257
                    66.8                       103.68126
                    66.9                       101.81205
                      67                       99.819361
                    67.1                       97.704979
                    67.2                       95.471168
                    67.3                       93.120687
                    67.4                       90.656776
                    67.5                       88.083152
                    67.6                       85.403989
                    67.7                         82.6239
                    67.8                       79.747914
                    67.9                       76.781448
                      68                       73.730273
                    68.1                       70.600484
                    68.2                        67.39846
                    68.3                       64.130824
                    68.4                       60.804406
                    68.5                       57.426198
                    68.6                       54.003313
                    68.7                       50.542942
                    68.8                       47.052309
                    68.9                       43.538637
                      69                         40.0091
                    69.1                       36.470789
                    69.2                       32.930675
                    69.3                        29.39557
                    69.4                       25.872101
                    69.5                       22.366678
                    69.6                       18.885465
                    69.7                       15.434356
                    69.8                       12.018957
                    69.9                        8.644564
                      70                       5.3161509
                    70.1                       2.0383534
                    70.2                       -1.184538
                    70.3                      -4.3485851
                    70.4                       -7.450206
                    70.5                      -10.486176
                    70.6                      -13.453625
                    70.7                      -16.350036
                    70.8                      -19.173234
                    70.9                      -21.921384
                      71                      -24.592971
                    71.1                      -27.186799
                    71.2                      -29.701966
                    71.3                      -32.137857
                    71.4                      -34.494123
                    71.5                      -36.770666
                    71.6                      -38.967617
                    71.7                      -41.085327
                    71.8                      -43.124337
                    71.9                      -45.085369
                      72                      -46.969302
                    72.1                      -48.777158
                    72.2                      -50.510083
                    72.3                      -52.169332
                    72.4                       -53.75625
                    72.5                      -55.272263
                    72.6                      -56.718861
                    72.7                      -58.097584
                    72.8                      -59.410015
                    72.9                      -60.657766
                      73                      -61.842469
                    73.1                      -62.965772
                    73.2                      -64.029325
                    73.3                       -65.03478
                    73.4                      -65.983782
                    73.5                      -66.877967
                    73.6                      -67.718955
                    73.7                      -68.508351
                    73.8                      -69.247739
                    73.9                      -69.938683
                      74                      -70.582724
                    74.1                      -71.181378
                    74.2                      -71.736136
                    74.3                      -72.248463
                    74.4                      -72.719799
                    74.5                      -73.151557
                    74.6                       -73.54512
                    74.7                      -73.901847
                    74.8                      -74.223067
                    74.9                      -74.510081
                      75                      -74.764159
                    75.1                      -74.986544
                    75.2                      -75.178447
                    75.3                      -75.341048
                    75.4                      -75.475497
                    75.5                      -75.582912
                    75.6                      -75.664375
                    75.7                      -75.720938
                    75.8                      -75.753618
                    75.9                      -75.763397
                      76                      -75.751225
                    76.1                      -75.718013
                    76.2                      -75.664641
                    76.3                      -75.591951
                    76.4                      -75.500754
                    76.5                      -75.391823
                    76.6                        -75.2659
                    76.7                      -75.123693
                    76.8                      -74.965878
                    76.9                      -74.793101
                      77                      -74.605976
                    77.1                      -74.405091
                    77.2                      -74.191005
                    77.3                      -73.964251
                    77.4                       -73.72534
                    77.5                      -73.474759
                    77.6                      -73.212973
                    77.7                      -72.940429
                    77.8                      -72.657555
                    77.9                      -72.364764
                      78                       -72.06245
                    78.1                      -71.750999
                    78.2                      -71.430778
                    78.3                      -71.102147
                    78.4                      -70.765453
                    78.5                      -70.421033
                    78.6                      -70.069216
                    78.7                       -69.71032
                    78.8                      -69.344657
                    78.9                      -68.972529
                      79                       -68.59423
                    79.1                      -68.210047
                    79.2                      -67.820257
                    79.3                      -67.425131
                    79.4                      -67.024929
                    79.5                      -66.619904
                    79.6                      -66.210299
                    79.7                      -65.796348
                    79.8                      -65.378276
                    79.9                      -64.956296
                      80                      -64.530613
                    80.1                      -64.101421
                    80.2                      -63.668903
                    80.3                      -63.233234
                    80.4                      -62.794575
                    80.5                      -62.353081
                    80.6                      -61.908894
                    80.7                      -61.462148
                    80.8                      -61.012967
                    80.9                      -60.561466
                      81                      -60.107755
                    81.1                      -59.651932
                    81.2                      -59.194091
                    81.3                      -58.734318
                    81.4                      -58.272697
                    81.5                      -57.809303
                    81.6                      -57.344209
                    81.7                      -56.877485
                    81.8                      -56.409198
                    81.9                      -55.939413
                      82                      -55.468192
                    82.1                      -54.995598
                    82.2                      -54.521692
                    82.3                      -54.046536
                    82.4                      -53.570191
                    82.5                      -53.092718
                    82.6                      -52.614178
                    82.7                      -52.134635
                    82.8                      -51.654148
                    82.9                      -51.172781
                      83                      -50.690594
                    83.1                       -50.20765
                    83.2                      -49.724008
                    83.3                      -49.239726
                    83.4                      -48.754864
                    83.5                      -48.269476
                    83.6                      -47.783616
                    83.7                      -47.297334
                    83.8                      -46.810679
                    83.9                      -46.323694
                      84                      -45.836421
                    84.1                      -45.348897
                    84.2                      -44.861155
                    84.3                      -44.373226
                    84.4                      -43.885134
                    84.5                      -43.396901
                    84.6                      -42.908547
                    84.7                      -42.420085
                    84.8                      -41.931527
                    84.9                      -41.442882
                      85                      -40.954156
                    85.1                      -40.465354
                    85.2                      -39.976477
                    85.3                      -39.487527
                    85.4                      -38.998504
                    85.5                      -38.509409
                    85.6                      -38.020242
                    85.7                      -37.531004
                    85.8                      -37.041696
                    85.9                      -36.552322
                      86                      -36.062885
                    86.1                      -35.573394
                    86.2                      -35.083855
                    86.3                      -34.594278
                    86.4                      -34.104676
                    86.5                      -33.615062
                    86.6                      -33.125453
                    86.7                      -32.635865
                    86.8                      -32.146317
                    86.9                      -31.656828
                      87                      -31.167419
                    87.1                      -30.678111
                    87.2                      -30.188923
                    87.3                      -29.699876
                    87.4                      -29.210988
                    87.5                      -28.722277
                    87.6                      -28.233758
                    87.7                      -27.745445
                    87.8                      -27.257349
                    87.9                      -26.769479
                      88                      -26.281839
                    88.1                      -25.794432
                    88.2                      -25.307257
                    88.3                       -24.82031
                    88.4                      -24.333584
                    88.5                      -23.847067
                    88.6                      -23.360747
                    88.7                      -22.874609
                    88.8                      -22.388633
                    88.9                      -21.902801
                      89                      -21.417091
                    89.1                       -20.93148
                    89.2                      -20.445946
                    89.3                      -19.960465
                    89.4                      -19.475016
                    89.5                      -18.989577
                    89.6                      -18.504128
                    89.7                      -18.018649
                    89.8                      -17.533126
                    89.9                      -17.047544
                      90                      -16.561893
                    90.1                      -16.076163
                    90.2                      -15.590351
                    90.3                      -15.104454
                    90.4                      -14.618474
                    90.5                      -14.132413
                    90.6                       -13.64628
                    90.7                      -13.160084
                    90.8                      -12.673835
                    90.9                      -12.187547
                      91                      -11.701234
                    91.1                      -11.214913
                    91.2                      -10.728599
                    91.3                      -10.242308
                    91.4                      -9.7560547
                    91.5                      -9.2698541
                    91.6                      -8.7837188
                    91.7                      -8.2976595
                    91.8                      -7.8116846
                    91.9                      -7.3258001
                      92                      -6.8400086
                    92.1                      -6.3543101
                    92.2                       -5.868701
                    92.3                      -5.3831745
                    92.4                      -4.8977207
                    92.5                      -4.4123263
                    92.6                      -3.9269753
                    92.7                      -3.4416491
                    92.8                      -2.9563266
                    92.9                      -2.4709848
                      93                      -1.9855994
                    93.1                      -1.5001449
                    93.2                      -1.0145957
                    93.3                     -0.52892585
                    93.4                    -0.043110292
                    93.5                      0.44287501
                    93.6                      0.92905245
                    93.7                       1.4154423
                    93.8                       1.9020624
                    93.9                       2.3889277
                      94                         2.87605
                    94.1                       3.3634377
                    94.2                       3.8510959
                    94.3                       4.3390258
                    94.4                       4.8272256
                    94.5                       5.3156898
                    94.6                       5.8044099
                    94.7                       6.2933744
                    94.8                       6.7825695
                    94.9                       7.2719791
                      95                       7.7615858
                    95.1                        8.251371
                    95.2                       8.7413153
                    95.3                       9.2313999
                    95.4                       9.7216062
                    95.5                       10.211917
                    95.6                       10.702316
                    95.7                       11.192791
                    95.8                       11.683331
                    95.9                       12.173928
                      96                       12.664577
                    96.1                       13.155277
                    96.2                       13.646032
                    96.3                       14.136847
                    96.4                       14.627732
                    96.5                       15.118702
                    96.6                       15.609771
                    96.7                       16.100961
                    96.8                       16.592292
                    96.9                       17.083788
                      97                       17.575475
                    97.1                       18.067379
                    97.2                       18.559524
                    97.3                       19.051938
                    97.4                       19.544645
                    97.5                       20.037667
                    97.6                       20.531024
                    97.7                       21.024733
                    97.8                        21.51881
                    97.9                       22.013263
                      98                         22.5081
                    98.1                        23.00332
                    98.2                       23.498922
                    98.3                       23.994897
                    98.4                       24.491234
                    98.5                       24.987916
                    98.6                       25.484923
                    98.7                       25.982232
                    98.8                       26.479814
                    98.9                       26.977641
                      99                       27.475681
                    99.1                       27.973902
                    99.2                        28.47227
                    99.3                       28.970753
                    99.4                       29.469318
                    99.5                       29.967936
                    99.6                       30.466579
                    99.7                       30.965221
                    99.8                       31.463843
                    99.9                       31.962426
                     100                       32.460957
                   100.1                       32.959429
                   100.2                       33.457837
                   100.3                       33.956184
                   100.4                       34.454474
                   100.5                       34.952717
                   100.6                       35.450927
                   100.7                       35.949121
                   100.8                       36.447319
                   100.9                       36.945542
                     101                       37.443814
                   101.1                       37.942158
                   101.2                       38.440595
                   101.3                       38.939148
                   101.4                       39.437835
                   101.5                        39.93667
                   101.6                       40.435666
                   101.7                       40.934828
                   101.8                       41.434156
                   101.9                       41.933646
                     102                       42.433285
                   102.1                       42.933054
                   102.2                       43.432927
                   102.3                        43.93287
                   102.4                       44.432845
                   102.5                       44.932805
                   102.6                       45.432698
                   102.7                       45.932467
                   102.8                       46.432051
                   102.9                       46.931384
                     103                       47.430398
                   103.1                       47.929024
                   103.2                       48.427193
                   103.3                       48.924836
                   103.4                       49.421887
                   103.5                        49.91828
                   103.6                       50.413956
                   103.7                       50.908861
                   103.8                       51.402944
                   103.9                       51.896161
                     104                       52.388477
                   104.1                       52.879861
                   104.2                       53.370289
                   104.3                       53.859747
                   104.4                       54.348223
                   104.5                       54.835714
                   104.6                       55.322219
                   104.7                       55.807745
                   104.8                       56.292298
                   104.9                       56.775886
                     105                        57.25852
                   105.1                       57.740205
                   105.2                       58.220947
                   105.3                       58.700745
                   105.4                       59.179592
                   105.5                       59.657475
                   105.6                       60.134369
                   105.7                       60.610241
                   105.8                       61.085047
                   105.9                       61.558729
                     106                       62.031218
                   106.1                       62.502431
                   106.2                       62.972273
                   106.3                       63.440635
                   106.4                       63.907397
                   106.5                       64.372427
                   106.6                       64.835584
                   106.7                       65.296717
                   106.8                       65.755668
                   106.9                       66.212275
                     107                       66.666371
                   107.1                        67.11779
                   107.2                       67.566365
                   107.3                       68.011932
                   107.4                       68.454334
                   107.5                        68.89342
                   107.6                       69.329047
                   107.7                       69.761084
                   107.8                       70.189411
                   107.9                        70.61392
                     108                       71.034517
                   108.1                       71.451121
                   108.2                       71.863664
                   108.3                       72.272091
                   108.4                       72.676357
                   108.5                       73.076427
                   108.6                       73.472274
                   108.7                       73.863876
                   108.8                       74.251214
                   108.9                       74.634268
                     109                       75.013014
                   109.1                       75.387424
                   109.2                       75.757459
                   109.3                       76.123066
                   109.4                       76.484179
                   109.5                       76.840713
                   109.6                       77.192562
                   109.7                       77.539599
                   109.8                       77.881676
                   109.9                        78.21862
                     110                       78.550235
                   110.1                       78.876306
                   110.2                       79.196597
                   110.3                       79.510857
                   110.4                       79.818823
                   110.5                       80.120223
                   110.6                       80.414786
                   110.7                       80.702243
                   110.8                        80.98234
                   110.9                       81.254838
                     111                       81.519532
                   111.1                       81.776247
                   111.2                       82.024858
                   111.3                       82.265291
                   111.4                       82.497535
                   111.5                       82.721649
                   111.6                       82.937767
                   111.7                        83.14611
                   111.8                       83.346986
                   111.9                       83.540796
                     112                       83.728036
                   112.1                         83.9093
                   112.2                       84.085275
                   112.3                       84.256744
                   112.4                       84.424574
                   112.5                       84.589718
                   112.6                       84.753198
                   112.7                       84.916103
                   112.8                       85.079569
                   112.9                       85.244772
                     113                       85.412909
                   113.1                       85.585185
                   113.2                       85.762794
                   113.3                       85.946901
                   113.4                       86.138628
                   113.5                       86.339032
                   113.6                       86.549092
                   113.7                       86.769688
                   113.8                       87.001588
                   113.9                       87.245435
                     114                       87.501728
                   114.1                       87.770815
                   114.2                       88.052884
                   114.3                        88.34795
                   114.4                       88.655854
                   114.5                       88.976253
                   114.6                       89.308625
                   114.7                       89.652262
                   114.8                       90.006276
                   114.9                       90.369601
                     115                       90.741001
                   115.1                       91.119073
                   115.2                       91.502259
                   115.3                       91.888857
                   115.4                       92.277035
                   115.5                       92.664837
                   115.6                       93.050209
                   115.7                       93.431005
                   115.8                        93.80501
                   115.9                       94.169956
                     116                       94.523542
                   116.1                       94.863447
                   116.2                        95.18736
                   116.3                       95.492987
                   116.4                       95.778081
                   116.5                       96.040452
                   116.6                       96.277991
                   116.7                       96.488686
                   116.8                       96.670635
                   116.9                       96.822063
                     117                       96.941336
                   117.1                       97.026968
                   117.2                       97.077634
                   117.3                       97.092174
                   117.4                       97.069598
                   117.5                       97.009087
                   117.6                       96.909991
                   117.7                       96.771826
                   117.8                       96.594268
                   117.9                       96.377144
                     118                        96.12042
                   118.1                       95.824187
                   118.2                       95.488651
                   118.3                       95.114111
                   118.4                       94.700943
                   118.5                       94.249588
                   118.6                       93.760523
                   118.7                       93.234255
                   118.8                       92.671296
                   118.9                       92.072149
                     119                       91.437294
                   119.1                       90.767173
                   119.2                       90.062181
                   119.3                       89.322655
                   119.4                       88.548866
                   119.5                       87.741018
                   119.6                       86.899243
                   119.7                         86.0236
                   119.8                       85.114081
                   119.9                        84.17061
                     120                       83.193056
                   120.1                       82.181233
                   120.2                       81.134915
                   120.3                       80.053844
                   120.4                       78.937743
                   120.5                       77.786322
                   120.6                       76.599297
                   120.7                       75.376398
                   120.8                       74.117377
                   120.9                       72.822024
                     121                       71.490174
                   121.1                       70.121713
                   121.2                       68.716588
                   121.3                        67.27481
                   121.4                        65.79646
                   121.5                        64.28169
                   121.6                        62.73072
                   121.7                       61.143845
                   121.8                       59.521424
                   121.9                       57.863881
                     122                       56.171698
                   122.1                       54.445411
                   122.2                         52.6856
                   122.3                       50.892883
                   122.4                       49.067911
                   122.5                       47.211354
                   122.6                         45.3239
                   122.7                       43.406243
                   122.8                       41.459081
                   122.9                       39.483103
                     123                       37.478993
                   123.1                       35.447419
                   123.2                       33.389033
                   123.3                       31.304469
                   123.4                       29.194342
                   123.5                       27.059252
                   123.6                       24.899779
                   123.7                       22.716492
                   123.8                       20.509948
                   123.9                         18.2807
                     124                         16.0293
                   124.1                       13.756303
                   124.2                       11.462275
                   124.3                       9.1477957
                   124.4                       6.8134679
                   124.5                        4.459919
                   124.6                       2.0878074
                   124.7                     -0.30217301
                   124.8                      -2.7092899
                   124.9                      -5.1327693
                     125                      -7.5717936
                   125.1                        -10.0255
                   125.2                      -12.492982
                   125.3                      -14.973288
                   125.4                      -17.465423
                   125.5                      -19.968353
                   125.6                      -22.481009
                   125.7                      -25.002288
                   125.8                      -27.531059
                   125.9                      -30.066171
                     126                      -32.606457
                   126.1                      -35.150742
                   126.2                      -37.697845
                   126.3                      -40.246596
                   126.4                      -42.795832
                   126.5                      -45.344412
                   126.6                       -47.89122
                   126.7                      -50.435176
                   126.8                      -52.975235
                   126.9                        -55.5104
                     127                      -58.039725
                   127.1                      -60.562319
                   127.2                      -63.077351
                   127.3                      -65.584053
                   127.4                      -68.081721
                   127.5                      -70.569722
                   127.6                      -73.047487
                   127.7                      -75.514518
                   127.8                      -77.970382
                   127.9                      -80.414713
                     128                      -82.847208
                   128.1                      -85.267622
                   128.2                      -87.675767
                   128.3                      -90.071505
                   128.4                      -92.454745
                   128.5                      -94.825435
                   128.6                      -97.183559
                   128.7                       -99.52913
                   128.8                      -101.86218
                   128.9                      -104.18278
                     129                      -106.49097
                   129.1                      -108.78685
                   129.2                      -111.07049
                   129.3                      -113.34197
                   129.4                      -115.60139
                   129.5                      -117.84881
                   129.6                      -120.08434
                   129.7                      -122.30804
                   129.8                      -124.52003
                   129.9                      -126.72041
                     130                      -128.90929
                   130.1                      -131.08683
                   130.2                      -133.25321
                   130.3                      -135.40866
                   130.4                      -137.55346
                   130.5                      -139.68797
                   130.6                      -141.81259
                   130.7                      -143.92787
                   130.8                       -146.0344
                   130.9                      -148.13292
                     131                      -150.22429
                   131.1                      -152.30948
                   131.2                      -154.38963
                   131.3                        -156.466
                   131.4                         -158.54
                   131.5                      -160.61322
                   131.6                      -162.68737
                   131.7                      -164.76431
                   131.8                      -166.84607
                   131.9                      -168.93478
                     132                      -171.03271
                   132.1                      -173.14226
                   132.2                      -175.26589
                   132.3                      -177.40619
                   132.4                      -179.56577
                   132.5                      -181.74733
                   132.6                      -183.95356
                   132.7                      -186.18718
                   132.8                      -188.45091
                   132.9                      -190.74741
                     133                      -193.07933
                   133.1                      -195.44922
                   133.2                      -197.85959
                   133.3                      -200.31283
                   133.4                      -202.81126
                   133.5                      -205.35705
                   133.6                      -207.95229
                   133.7                      -210.59895
                   133.8                      -213.29886
                   133.9                      -216.05374
                     134                      -218.86518
                   134.1                      -221.73467
                   134.2                      -224.66353
                   134.3                      -227.65299
                   134.4                       -230.7041
                   134.5                      -233.81776
                   134.6                      -236.99468
                   134.7                      -240.23536
                   134.8                      -243.54001
                   134.9                      -246.90851
                     135                      -250.34033
                   135.1                      -253.83442
                   135.2                      -257.38913
                   135.3                      -261.00203
                   135.4                      -264.66978
                   135.5                      -268.38799
                   135.6                      -272.15095
                   135.7                      -275.95153
                   135.8                      -279.78089
                   135.9                      -283.62831
                     136                        -287.481
                   136.1                      -291.32389
                   136.2                      -295.13948
                   136.3                      -298.90778
                   136.4                      -302.60621
                   136.5                      -306.20968
                   136.6                      -309.69071
                   136.7                      -313.01965
                   136.8                      -316.16507
                   136.9                       -319.0942
                     137                      -321.77357
                   137.1                       -324.1697
                   137.2                      -326.24994
                   137.3                      -327.98327
                   137.4                      -329.34128
                   137.5                      -330.29904
                   137.6                      -330.83586
                   137.7                      -330.93612
                   137.8                      -330.58971
                   137.9                      -329.79254
                     138                      -328.54657
                   138.1                       -326.8599
                   138.2                      -324.74638
                   138.3                      -322.22525
                   138.4                      -319.32042
                   138.5                       -316.0598
                   138.6                      -312.47442
                   138.7                      -308.59754
                   138.8                      -304.46384
                   138.9                      -300.10854
                     139                      -295.56672
                   139.1                      -290.87258
                   139.2                      -286.05899
                   139.3                      -281.15697
                   139.4                      -276.19544
                   139.5                      -271.20094
                   139.6                      -266.19758
                   139.7                      -261.20692
                   139.8                      -256.24804
                   139.9                      -251.33762
                     140                      -246.49001
                   140.1                      -241.71743
                   140.2                      -237.03013
                   140.3                      -232.43652
                   140.4                      -227.94338
                   140.5                      -223.55603
                   140.6                      -219.27849
                   140.7                      -215.11367
                   140.8                      -211.06345
                   140.9                      -207.12887
                     141                      -203.31026
                   141.1                      -199.60729
                   141.2                      -196.01913
                   141.3                      -192.54448
                   141.4                      -189.18169
                   141.5                       -185.9288
                   141.6                      -182.78357
                   141.7                       -179.7436
                   141.8                      -176.80627
                   141.9                      -173.96886
                     142                      -171.22853
                   142.1                      -168.58233
                   142.2                      -166.02727
                   142.3                      -163.56028
                   142.4                      -161.17826
                   142.5                      -158.87807
                   142.6                      -156.65654
                   142.7                      -154.51049
                   142.8                      -152.43672
                   142.9                      -150.43203
                     143                      -148.49324
                   143.1                      -146.61715
                   143.2                       -144.8006
                   143.3                      -143.04046
                   143.4                      -141.33363
                   143.5                      -139.67707
                   143.6                      -138.06777
                   143.7                      -136.50283
                   143.8                      -134.97941
                   143.9                      -133.49476
                     144                      -132.04627
                   144.1                       -130.6314
                   144.2                      -129.24778
                   144.3                      -127.89314
                   144.4                       -126.5654
                   144.5                      -125.26259
                   144.6                      -123.98293
                   144.7                      -122.72477
                   144.8                      -121.48665
                   144.9                      -120.26726
                     145                      -119.06543
                   145.1                      -117.88016
                   145.2                       -116.7106
                   145.3                      -115.55602
                   145.4                      -114.41582
                   145.5                      -113.28954
                   145.6                      -112.17678
                   145.7                      -111.07728
                   145.8                      -109.99081
                   145.9                      -108.91723
                     146                      -107.85645
                   146.1                      -106.80841
                   146.2                      -105.77308
                   146.3                      -104.75044
                   146.4                      -103.74047
                   146.5                      -102.74315
                   146.6                      -101.75843
                   146.7                      -100.78626
                   146.8                       -99.82652
                   146.9                      -98.879095
                     147                      -97.943811
                   147.1                      -97.020461
                   147.2                      -96.108793
                   147.3                       -95.20852
                   147.4                      -94.319314
                   147.5                      -93.440816
                   147.6                      -92.572634
                   147.7                      -91.714353
                   147.8                      -90.865536
                   147.9                      -90.025737
                     148                      -89.194501
                   148.1                      -88.371374
                   148.2                       -87.55591
                   148.3                      -86.747677
                   148.4                      -85.946262
                   148.5                       -85.15128
                   148.6                      -84.362374
                   148.7                      -83.579226
                   148.8                      -82.801553
                   148.9                      -82.029115
                     149                      -81.261715
                   149.1                      -80.499195
                   149.2                      -79.741443
                   149.3                      -78.988383
                   149.4                       -78.23998
                   149.5                      -77.496231
                   149.6                      -76.757162
                   149.7                      -76.022826
                   149.8                      -75.293291
                   149.9                      -74.568644
                     150                      -73.848975

