        Frequency / MHz                S1,1 (feedline_spacing=0.9375)/arg,degrees
----------------------------------------------------------------------
                      50                      -113.79725
               50.099998                      -114.53486
               50.200001                      -115.27962
               50.299999                      -116.03162
               50.400002                       -116.7909
                    50.5                      -117.55755
               50.599998                      -118.33162
               50.700001                      -119.11324
               50.799999                      -119.90243
               50.900002                      -120.69932
                      51                      -121.50395
               51.099998                      -122.31647
               51.200001                      -123.13691
               51.299999                      -123.96541
               51.400002                      -124.80208
                    51.5                      -125.64703
               51.599998                      -126.50034
               51.700001                      -127.36212
               51.799999                      -128.23251
               51.900002                      -129.11158
                      52                      -129.99944
               52.099998                      -130.89625
               52.200001                      -131.80207
               52.299999                      -132.71701
               52.400002                      -133.64118
                    52.5                      -134.57466
               52.599998                      -135.51757
               52.700001                      -136.46997
               52.799999                      -137.43196
               52.900002                      -138.40362
                      53                      -139.38501
               53.099998                      -140.37622
               53.200001                      -141.37731
               53.299999                      -142.38832
               53.400002                      -143.40933
                    53.5                      -144.44038
               53.599998                      -145.48152
               53.700001                      -146.53279
               53.799999                      -147.59422
               53.900002                      -148.66585
                      54                       -149.7477
               54.099998                       -150.8398
               54.200001                      -151.94216
               54.299999                      -153.05484
               54.400002                      -154.17781
                    54.5                       -155.3111
               54.599998                      -156.45471
               54.700001                      -157.60867
               54.799999                      -158.77296
               54.900002                      -159.94757
                      55                      -161.13252
               55.099998                       -162.3278
               55.200001                      -163.53337
               55.299999                      -164.74925
               55.400002                      -165.97542
                    55.5                      -167.21182
               55.599998                      -168.45846
               55.700001                      -169.71529
               55.799999                      -170.98227
               55.900002                      -172.25937
                      56                      -173.54652
               56.099998                      -174.84369
               56.200001                      -176.15079
               56.299999                      -177.46777
               56.400002                      -178.79453
                    56.5                       179.86896
               56.599998                       178.52284
               56.700001                       177.16721
               56.799999                       175.80216
               56.900002                        174.4278
                      57                       173.04425
               57.099998                       171.65166
               57.200001                       170.25017
               57.299999                       168.83993
               57.400002                       167.42105
                    57.5                       165.99376
               57.599998                       164.55822
               57.700001                       163.11456
               57.799999                       161.66304
               57.900002                       160.20381
                      58                       158.73711
               58.099998                       157.26311
               58.200001                       155.78209
               58.299999                       154.29423
               58.400002                       152.79981
                    58.5                       151.29906
               58.599998                       149.79222
               58.700001                       148.27953
               58.799999                       146.76134
               58.900002                       145.23784
                      59                       143.70934
               59.099998                       142.17617
               59.200001                       140.63857
               59.299999                       139.09684
               59.400002                       137.55135
                    59.5                       136.00237
               59.599998                       134.45024
               59.700001                       132.89528
               59.799999                       131.33784
               59.900002                       129.77824
                      60                       128.21687
               60.099998                       126.65407
               60.200001                       125.09016
               60.299999                       123.52553
               60.400002                       121.96058
                    60.5                        120.3957
               60.599998                       118.83119
               60.700001                       117.26753
               60.799999                       115.70503
               60.900002                       114.14415
                      61                       112.58525
               61.099998                       111.02874
               61.200001                       109.47496
               61.299999                       107.92439
               61.400002                        106.3774
                    61.5                       104.83437
               61.599998                       103.29573
               61.700001                       101.76185
               61.799999                       100.23311
               61.900002                       98.709977
                      62                       97.192704
               62.099998                       95.681716
               62.200001                        94.17738
               62.299999                       92.680066
               62.400002                       91.190143
                    62.5                       89.707903
               62.599998                       88.233716
               62.700001                       86.767896
               62.799999                       85.310682
               62.900002                       83.862442
                      63                       82.423417
               63.099998                       80.993851
               63.200001                       79.574054
               63.299999                       78.164261
               63.400002                       76.764667
                    63.5                       75.375441
               63.599998                       73.996822
               63.700001                       72.628981
               63.799999                       71.272081
               63.900002                        69.92626
                      64                       68.591669
               64.099998                       67.268402
               64.199997                       65.956575
               64.300003                       64.656279
               64.400002                        63.36759
                    64.5                       62.090587
               64.599998                       60.825307
               64.699997                       59.571796
               64.800003                       58.330098
               64.900002                       57.100212
                      65                       55.882169
               65.099998                       54.675968
               65.199997                       53.481596
               65.300003                       52.299043
               65.400002                       51.128285
                    65.5                       49.969298
               65.599998                       48.822048
               65.699997                       47.686491
               65.800003                        46.56257
               65.900002                       45.450245
                      66                       44.349457
               66.099998                       43.260137
               66.199997                       42.182211
               66.300003                       41.115617
               66.400002                       40.060274
                    66.5                       39.016103
               66.599998                       37.983005
               66.699997                       36.960903
               66.800003                       35.949696
               66.900002                       34.949288
                      67                        33.95957
               67.099998                       32.980441
               67.199997                       32.011791
               67.300003                       31.053508
               67.400002                       30.105463
                    67.5                       29.167544
               67.599998                       28.239627
               67.699997                       27.321586
               67.800003                       26.413287
               67.900002                       25.514599
                      68                       24.625392
               68.099998                       23.745525
               68.199997                       22.874868
               68.300003                       22.013278
               68.400002                        21.16062
                    68.5                       20.316751
               68.599998                       19.481537
               68.699997                       18.654844
               68.800003                       17.836525
               68.900002                       17.026453
                      69                       16.224495
               69.099998                       15.430514
               69.199997                       14.644385
               69.300003                       13.865983
               69.400002                        13.09518
                    69.5                        12.33186
               69.599998                       11.575902
               69.699997                       10.827194
               69.800003                       10.085622
               69.900002                       9.3510788
                      70                       8.6234588
               70.099998                       7.9026596
               70.199997                       7.1885808
               70.300003                       6.4811229
               70.400002                       5.7801927
                    70.5                       5.0856964
               70.599998                       4.3975418
               70.699997                       3.7156379
               70.800003                       3.0398954
               70.900002                       2.3702258
                      71                       1.7065403
               71.099998                       1.0487512
               71.199997                      0.39677081
               71.300003                     -0.24948906
               71.400002                     -0.89011685
                    71.5                      -1.5252012
               71.599998                      -2.1548316
               71.699997                      -2.7790981
               71.800003                       -3.398091
               71.900002                      -4.0119002
                      72                      -4.6206186
               72.099998                      -5.2243362
               72.199997                      -5.8231452
               72.300003                      -6.4171357
               72.400002                      -7.0063998
                    72.5                      -7.5910272
               72.599998                      -8.1711072
               72.699997                      -8.7467258
               72.800003                      -9.3179715
               72.900002                      -9.8849256
                      73                      -10.447673
               73.099998                      -11.006291
               73.199997                      -11.560858
               73.300003                      -12.111448
               73.400002                      -12.658132
                    73.5                      -13.200977
               73.599998                      -13.740047
               73.699997                      -14.275407
               73.800003                      -14.807112
               73.900002                      -15.335219
                      74                      -15.859779
               74.099998                      -16.380848
               74.199997                      -16.898464
               74.300003                      -17.412676
               74.400002                      -17.923532
                    74.5                      -18.431067
               74.599998                      -18.935322
               74.699997                      -19.436338
               74.800003                      -19.934155
               74.900002                      -20.428809
                      75                      -20.920338
               75.099998                      -21.408788
               75.199997                      -21.894188
               75.300003                      -22.376587
               75.400002                      -22.856022
                    75.5                       -23.33254
               75.599998                      -23.806179
               75.699997                      -24.276991
               75.800003                      -24.745025
               75.900002                      -25.210322
                      76                      -25.672936
               76.099998                      -26.132916
               76.199997                       -26.59032
               76.300003                      -27.045197
               76.400002                      -27.497596
                    76.5                      -27.947576
               76.599998                      -28.395186
               76.699997                      -28.840479
               76.800003                      -29.283506
               76.900002                       -29.72432
                      77                      -30.162966
               77.099998                      -30.599489
               77.199997                       -31.03394
               77.300003                      -31.466352
               77.400002                      -31.896774
                    77.5                      -32.325229
               77.599998                       -32.75176
               77.699997                      -33.176401
               77.800003                      -33.599171
               77.900002                      -34.020094
                      78                      -34.439203
               78.099998                      -34.856511
               78.199997                      -35.272031
               78.300003                      -35.685792
               78.400002                      -36.097792
                    78.5                      -36.508063
               78.599998                      -36.916595
               78.699997                      -37.323416
               78.800003                      -37.728535
               78.900002                      -38.131962
                      79                      -38.533707
               79.099998                      -38.933788
               79.199997                      -39.332217
               79.300003                      -39.729011
               79.400002                       -40.12419
                    79.5                      -40.517776
               79.599998                      -40.909794
               79.699997                      -41.300257
               79.800003                      -41.689208
               79.900002                      -42.076667
                      80                      -42.462668
               80.099998                      -42.847245
               80.199997                      -43.230428
               80.300003                      -43.612263
               80.400002                      -43.992773
                    80.5                      -44.372012
               80.599998                      -44.750005
               80.699997                      -45.126801
               80.800003                      -45.502428
               80.900002                      -45.876919
                      81                      -46.250316
               81.099998                      -46.622653
               81.199997                      -46.993952
               81.300003                      -47.364248
               81.400002                      -47.733561
                    81.5                      -48.101914
               81.599998                      -48.469327
               81.699997                      -48.835816
               81.800003                      -49.201392
               81.900002                      -49.566073
                      82                      -49.929849
               82.099998                      -50.292766
               82.199997                      -50.654766
               82.300003                       -51.01588
               82.400002                      -51.376081
                    82.5                      -51.735426
               82.599998                      -52.093852
               82.699997                      -52.451397
               82.800003                      -52.808025
               82.900002                      -53.163767
                      83                      -53.518565
               83.099998                      -53.872508
               83.199997                      -54.225505
               83.300003                      -54.577617
               83.400002                      -54.928844
                    83.5                      -55.279187
               83.599998                      -55.628676
               83.699997                      -55.977308
               83.800003                      -56.325084
               83.900002                      -56.672102
                      84                      -57.018326
               84.099998                      -57.363806
               84.199997                      -57.708569
               84.300003                      -58.052653
               84.400002                      -58.396068
                    84.5                      -58.738903
               84.599998                      -59.081156
               84.699997                      -59.422894
               84.800003                       -59.76414
               84.900002                      -60.104901
                      85                      -60.445261
               85.099998                      -60.785226
               85.199997                      -61.124858
               85.300003                      -61.464122
               85.400002                      -61.803111
                    85.5                      -62.141799
               85.599998                      -62.480233
               85.699997                      -62.818405
               85.800003                       -63.15632
               85.900002                      -63.493998
                      86                      -63.831452
               86.099998                      -64.168656
               86.199997                      -64.505625
               86.300003                      -64.842332
               86.400002                      -65.178782
                    86.5                      -65.514956
               86.599998                      -65.850837
               86.699997                      -66.186423
               86.800003                      -66.521698
               86.900002                      -66.856646
                      87                      -67.191249
               87.099998                      -67.525511
               87.199997                      -67.859425
               87.300003                      -68.192992
               87.400002                       -68.52621
                    87.5                      -68.859077
               87.599998                      -69.191613
               87.699997                      -69.523834
               87.800003                      -69.855767
               87.900002                      -70.187434
                      88                      -70.518863
               88.099998                      -70.850091
               88.199997                      -71.181164
               88.300003                      -71.512129
               88.400002                      -71.843032
                    88.5                      -72.173932
               88.599998                      -72.504883
               88.699997                      -72.835936
               88.800003                      -73.167158
               88.900002                       -73.49862
                      89                      -73.830364
               89.099998                      -74.162462
               89.199997                      -74.494975
               89.300003                      -74.827962
               89.400002                      -75.161472
                    89.5                      -75.495564
               89.599998                      -75.830291
               89.699997                        -76.1657
               89.800003                      -76.501854
               89.900002                      -76.838782
                      90                      -77.176527
               90.099998                      -77.515147
               90.199997                      -77.854669
               90.300003                      -78.195134
               90.400002                      -78.536609
                    90.5                      -78.879109
               90.599998                      -79.222708
               90.699997                      -79.567462
               90.800003                      -79.913411
               90.900002                      -80.260658
                      91                      -80.609278
               91.099998                      -80.959359
               91.199997                      -81.311024
               91.300003                      -81.664406
               91.400002                      -82.019651
                    91.5                      -82.376945
               91.599998                      -82.736472
               91.699997                      -83.098479
               91.800003                      -83.463231
               91.900002                      -83.831024
                      92                      -84.202203
               92.099998                      -84.577153
               92.199997                      -84.956331
               92.300003                      -85.340222
               92.400002                      -85.729406
                    92.5                      -86.124526
               92.599998                      -86.526312
               92.699997                      -86.935617
               92.800003                      -87.353393
               92.900002                      -87.780751
                      93                      -88.218969
               93.099998                       -88.66955
               93.199997                      -89.134221
               93.300003                      -89.615074
               93.400002                      -90.114565
                    93.5                      -90.635675
               93.599998                      -91.182008
               93.699997                      -91.758025
               93.800003                      -92.369292
               93.900002                      -93.022833
                      94                       -93.72768
               94.099998                      -94.495667
               94.199997                      -95.342522
               94.300003                      -96.289746
               94.400002                      -97.367407
                    94.5                      -98.618895
               94.599998                      -100.10908
               94.699997                       -101.9393
               94.800003                      -104.27642
               94.900002                      -107.41417
                      95                      -111.91403
               95.099998                      -118.96441
               95.199997                      -131.35268
               95.300003                      -155.31041
               95.400002                       166.61196
                    95.5                       135.73833
               95.599998                       119.44959
               95.699997                       110.63829
               95.800003                        105.2675
               95.900002                       101.65069
                      96                       99.026969
               96.099998                       97.014303
               96.199997                       95.402515
               96.300003                        94.06735
               96.400002                       92.930806
                    96.5                       91.941713
               96.599998                       91.064962
               96.699997                       90.275884
               96.800003                       89.556392
               96.900002                       88.893263
                      97                       88.276196
               97.099998                       87.697379
               97.199997                       87.150636
               97.300003                       86.631049
               97.400002                       86.134604
                    97.5                       85.658048
               97.599998                        85.19865
               97.699997                       84.754168
               97.800003                       84.322719
               97.900002                       83.902662
                      98                       83.492605
               98.099998                       83.091455
               98.199997                       82.698144
               98.300003                       82.311775
               98.400002                       81.931606
                    98.5                       81.557011
               98.599998                       81.187388
               98.699997                       80.822193
               98.800003                       80.461121
               98.900002                       80.103738
                      99                       79.749717
               99.099998                       79.398808
               99.199997                       79.050742
               99.300003                       78.705407
               99.400002                       78.362587
                    99.5                       78.022115
               99.599998                       77.683994
               99.699997                       77.348003
               99.800003                       77.014089
               99.900002                       76.682251
                     100                       76.352352
                   100.1                       76.024421
                   100.2                       75.698375
                   100.3                       75.374133
                   100.4                       75.051747
                   100.5                       74.731111
                   100.6                       74.412196
                   100.7                       74.094976
                   100.8                       73.779391
                   100.9                        73.46537
                     101                       73.152899
                   101.1                       72.841854
                   101.2                       72.532227
                   101.3                       72.223912
                   101.4                       71.916828
                   101.5                       71.610944
                   101.6                       71.306128
                   101.7                       71.002292
                   101.8                        70.69936
                   101.9                         70.3973
                     102                       70.095981
                   102.1                       69.795316
                   102.2                        69.49528
                   102.3                       69.195735
                   102.4                       68.896709
                   102.5                       68.598065
                   102.6                       68.299778
                   102.7                       68.001819
                   102.8                       67.704185
                   102.9                       67.406799
                     103                       67.109686
                   103.1                       66.812846
                   103.2                       66.516226
                   103.3                       66.219903
                   103.4                       65.923853
                   103.5                       65.628137
                   103.6                       65.332744
                   103.7                        65.03776
                   103.8                       64.743162
                   103.9                       64.449029
                     104                       64.155383
                   104.1                       63.862341
                   104.2                       63.569819
                   104.3                       63.277923
                   104.4                       62.986682
                   104.5                       62.696098
                   104.6                       62.406252
                   104.7                       62.117092
                   104.8                       61.828639
                   104.9                       61.540923
                     105                       61.253946
                   105.1                       60.967625
                   105.2                       60.682014
                   105.3                       60.397031
                   105.4                       60.112704
                   105.5                       59.828947
                   105.6                       59.545743
                   105.7                       59.263027
                   105.8                       58.980779
                   105.9                       58.698881
                     106                       58.417366
                   106.1                       58.136128
                   106.2                       57.855162
                   106.3                       57.574414
                   106.4                       57.293802
                   106.5                       57.013326
                   106.6                       56.732961
                   106.7                       56.452706
                   106.8                       56.172558
                   106.9                       55.892439
                     107                       55.612402
                   107.1                         55.3325
                   107.2                       55.052707
                   107.3                       54.773054
                   107.4                        54.49359
                   107.5                        54.21434
                   107.6                       53.935397
                   107.7                       53.656809
                   107.8                       53.378574
                   107.9                       53.100805
                     108                       52.823581
                   108.1                       52.546877
                   108.2                       52.270853
                   108.3                       51.995487
                   108.4                       51.720886
                   108.5                       51.447052
                   108.6                       51.174035
                   108.7                       50.901894
                   108.8                        50.63065
                   108.9                       50.360285
                     109                       50.090878
                   109.1                       49.822368
                   109.2                       49.554761
                   109.3                       49.288057
                   109.4                       49.022251
                   109.5                       48.757296
                   109.6                       48.493157
                   109.7                       48.229841
                   109.8                       47.967316
                   109.9                       47.705502
                     110                       47.444423
                   110.1                       47.184082
                   110.2                       46.924399
                   110.3                         46.6654
                   110.4                       46.407109
                   110.5                       46.149498
                   110.6                       45.892659
                   110.7                       45.636608
                   110.8                       45.381381
                   110.9                       45.127104
                     111                        44.87387
                   111.1                       44.621752
                   111.2                       44.370922
                   111.3                       44.121509
                   111.4                       43.873681
                   111.5                       43.627657
                   111.6                       43.383577
                   111.7                       43.141624
                   111.8                       42.902104
                   111.9                       42.665123
                     112                       42.431009
                   112.1                       42.199851
                   112.2                       41.971994
                   112.3                       41.747553
                   112.4                       41.526773
                   112.5                       41.309794
                   112.6                       41.096776
                   112.7                       40.887907
                   112.8                       40.683244
                   112.9                       40.482904
                     113                       40.286933
                   113.1                       40.095303
                   113.2                       39.908046
                   113.3                       39.725027
                   113.4                       39.546239
                   113.5                       39.371437
                   113.6                       39.200466
                   113.7                       39.033155
                   113.8                       38.869124
                   113.9                        38.70812
                     114                       38.549823
                   114.1                       38.393851
                   114.2                       38.239784
                   114.3                       38.087146
                   114.4                       37.935545
                   114.5                       37.784516
                   114.6                       37.633542
                   114.7                       37.482181
                   114.8                       37.329925
                   114.9                         37.1763
                     115                       37.020847
                   115.1                       36.863122
                   115.2                       36.702721
                   115.3                       36.539236
                   115.4                       36.372306
                   115.5                       36.201605
                   115.6                       36.026835
                   115.7                        35.84772
                   115.8                       35.664097
                   115.9                       35.475774
                     116                       35.282616
                   116.1                       35.084593
                   116.2                       34.881656
                   116.3                         34.6738
                   116.4                       34.461079
                   116.5                       34.243577
                   116.6                        34.02149
                   116.7                       33.794865
                   116.8                       33.563978
                   116.9                       33.328988
                     117                       33.090181
                   117.1                        32.84779
                   117.2                       32.602096
                   117.3                       32.353392
                   117.4                       32.101961
                   117.5                       31.848122
                   117.6                       31.592127
                   117.7                        31.33433
                   117.8                       31.074974
                   117.9                       30.814387
                     118                       30.552817
                   118.1                       30.290539
                   118.2                        30.02777
                   118.3                       29.764753
                   118.4                       29.501683
                   118.5                         29.2388
                   118.6                       28.976221
                   118.7                       28.714105
                   118.8                       28.452617
                   118.9                       28.191815
                     119                        27.93183
                   119.1                       27.672719
                   119.2                       27.414596
                   119.3                       27.157366
                   119.4                       26.901182
                   119.5                       26.646033
                   119.6                       26.391841
                   119.7                       26.138715
                   119.8                       25.886542
                   119.9                       25.635301
                     120                       25.385044
                   120.1                       25.135659
                   120.2                        24.88715
                   120.3                       24.639434
                   120.4                       24.392535
                   120.5                       24.146401
                   120.6                        23.90098
                   120.7                       23.656267
                   120.8                       23.412266
                   120.9                       23.168894
                     121                       22.926177
                   121.1                        22.68414
                   121.2                       22.442706
                   121.3                       22.201957
                   121.4                       21.961861
                   121.5                       21.722423
                   121.6                       21.483666
                   121.7                       21.245649
                   121.8                       21.008341
                   121.9                       20.771797
                     122                       20.536047
                   122.1                        20.30106
                   122.2                       20.066922
                   122.3                       19.833686
                   122.4                       19.601293
                   122.5                       19.369777
                   122.6                       19.139218
                   122.7                       18.909616
                   122.8                       18.680914
                   122.9                       18.453195
                     123                       18.226433
                   123.1                        18.00068
                   123.2                       17.775858
                   123.3                       17.551991
                   123.4                       17.329108
                   123.5                       17.107127
                   123.6                       16.886101
                   123.7                       16.665979
                   123.8                       16.446758
                   123.9                       16.228382
                     124                       16.010883
                   124.1                        15.79423
                   124.2                       15.578367
                   124.3                       15.363299
                   124.4                       15.149021
                   124.5                       14.935456
                   124.6                       14.722627
                   124.7                       14.510534
                   124.8                       14.299154
                   124.9                       14.088458
                     125                       13.878442
                   125.1                       13.669138
                   125.2                       13.460518
                   125.3                       13.252551
                   125.4                       13.045323
                   125.5                       12.838779
                   125.6                       12.632944
                   125.7                        12.42782
                   125.8                       12.223462
                   125.9                       12.019866
                     126                       11.817036
                   126.1                       11.615028
                   126.2                       11.413837
                   126.3                       11.213493
                   126.4                       11.014025
                   126.5                       10.815485
                   126.6                       10.617901
                   126.7                       10.421193
                   126.8                       10.225521
                   126.9                       10.030834
                     127                        9.837129
                   127.1                       9.6444903
                   127.2                       9.4529171
                   127.3                       9.2623823
                   127.4                       9.0729675
                   127.5                       8.8846184
                   127.6                       8.6973616
                   127.7                        8.511198
                   127.8                       8.3261816
                   127.9                       8.1422316
                     128                       7.9594003
               128.10001                       7.7776362
                   128.2                       7.5970178
                   128.3                       7.4174384
               128.39999                       7.2389521
                   128.5                       7.0615312
               128.60001                       6.8851212
                   128.7                       6.7098044
                   128.8                        6.535497
               128.89999                       6.3621747
                     129                       6.1899173
               129.10001                       6.0186157
                   129.2                       5.8483252
                   129.3                       5.6790468
               129.39999                       5.5107507
                   129.5                       5.3434112
               129.60001                       5.1770823
                   129.7                       5.0117918
                   129.8                        4.847512
               129.89999                       4.6842431
                     130                       4.5220395
               130.10001                       4.3608747
                   130.2                       4.2008292
                   130.3                       4.0419046
               130.39999                       3.8841272
                   130.5                        3.727552
               130.60001                       3.5721515
                   130.7                       3.4180351
                   130.8                       3.2651754
               130.89999                       3.1135999
                     131                       2.9633357
               131.10001                       2.8144925
                   131.2                       2.6669877
                   131.3                       2.5208762
               131.39999                       2.3761581
                   131.5                       2.2328607
               131.60001                       2.0909842
                   131.7                        1.950446
                   131.8                       1.8113017
               131.89999                       1.6735229
                     132                       1.5370284
               132.10001                       1.4017907
                   132.2                       1.2677551
                   132.3                        1.134867
               132.39999                       1.0030169
                   132.5                      0.87220518
               132.60001                      0.74221304
                   132.7                      0.61306775
                   132.8                      0.48455093
               132.89999                      0.35666248
                     133                      0.22921114
               133.10001                      0.10208765
                   133.2                    -0.024817265
                   133.3                     -0.15164021
               133.39999                     -0.27846315
                   133.5                     -0.40550467
               133.60001                     -0.53284678
                   133.7                      -0.6606259
                   133.8                     -0.78897878
               133.89999                     -0.91798743
                     134                      -1.0478704
               134.10001                       -1.178764
                   134.2                      -1.3107507
                   134.3                      -1.4440213
               134.39999                      -1.5787399
                   134.5                      -1.7150705
               134.60001                      -1.8531223
                   134.7                      -1.9931686
                   134.8                      -2.1354004
               134.89999                      -2.2800364
                     135                      -2.4272954
               135.10001                      -2.5775048
                   135.2                      -2.7309383
                   135.3                      -2.8878959
               135.39999                      -3.0488153
                   135.5                      -3.2140513
               135.60001                      -3.3840135
                   135.7                      -3.5591669
                   135.8                      -3.7400578
               135.89999                      -3.9271776
                     136                      -4.1211006
               136.10001                      -4.3224547
                   136.2                      -4.5317857
                   136.3                      -4.7498879
               136.39999                      -4.9773056
                   136.5                      -5.2147503
               136.60001                      -5.4629589
                   136.7                      -5.7225885
                   136.8                       -5.994375
               136.89999                       -6.279003
                     137                       -6.577127
               137.10001                       -6.889403
                   137.2                      -7.2164598
                   137.3                      -7.5588986
               137.39999                      -7.9171834
                   137.5                      -8.2918323
               137.60001                      -8.6833121
                   137.7                      -9.0919203
                   137.8                      -9.5180149
               137.89999                       -9.961759
                     138                      -10.423316
               138.10001                      -10.902768
                   138.2                      -11.400114
                   138.3                      -11.915248
               138.39999                      -12.448002
                   138.5                      -12.998133
               138.60001                      -13.565312
                   138.7                      -14.149074
                   138.8                      -14.749012
               138.89999                      -15.364576
                     139                      -15.995056
               139.10001                      -16.639827
                   139.2                       -17.29812
                   139.3                      -17.969118
               139.39999                      -18.651945
                   139.5                      -19.345701
               139.60001                      -20.049457
                   139.7                      -20.762173
                   139.8                      -21.482841
               139.89999                      -22.210418
                     140                      -22.943818
               140.10001                      -23.681914
                   140.2                      -24.423619
                   140.3                      -25.167808
               140.39999                       -25.91342
                   140.5                      -26.659221
               140.60001                      -27.404203
                   140.7                      -28.147247
                   140.8                      -28.887229
               140.89999                      -29.623196
                     141                      -30.354162
               141.10001                       -31.07901
                   141.2                      -31.797026
                   141.3                      -32.507122
               141.39999                      -33.208526
                   141.5                      -33.900481
               141.60001                      -34.582377
                   141.7                      -35.253377
                   141.8                      -35.913171
               141.89999                      -36.561138
                     142                      -37.196812
               142.10001                      -37.819969
                   142.2                      -38.430286
                   142.3                      -39.027709
               142.39999                      -39.612101
                   142.5                      -40.183463
               142.60001                      -40.741953
                   142.7                      -41.287712
                   142.8                      -41.821013
               142.89999                      -42.342156
                     143                      -42.851554
               143.10001                      -43.349664
                   143.2                      -43.837009
                   143.3                      -44.314089
               143.39999                      -44.781542
                   143.5                      -45.239957
               143.60001                      -45.690012
                   143.7                      -46.132281
                   143.8                      -46.567475
               143.89999                      -46.996221
                     144                      -47.419061
               144.10001                      -47.836688
                   144.2                      -48.249615
                   144.3                      -48.658359
               144.39999                      -49.063385
                   144.5                      -49.465142
               144.60001                      -49.864024
                   144.7                      -50.260312
                   144.8                      -50.654334
               144.89999                      -51.046222
                     145                      -51.436251
               145.10001                      -51.824456
                   145.2                      -52.210934
                   145.3                       -52.59569
               145.39999                       -52.97878
                   145.5                      -53.360098
               145.60001                      -53.739584
                   145.7                      -54.117156
                   145.8                      -54.492733
               145.89999                      -54.866182
                     146                       -55.23736
               146.10001                      -55.606219
                   146.2                      -55.972619
                   146.3                      -56.336447
               146.39999                      -56.697656
                   146.5                      -57.056241
               146.60001                      -57.412064
                   146.7                      -57.765188
                   146.8                       -58.11566
               146.89999                      -58.463448
                     147                      -58.808675
               147.10001                      -59.151469
                   147.2                      -59.491887
                   147.3                      -59.830116
               147.39999                        -60.1663
                   147.5                      -60.500625
               147.60001                      -60.833254
                   147.7                      -61.164437
                   147.8                       -61.49425
               147.89999                      -61.823031
                     148                       -62.15088
               148.10001                      -62.477963
                   148.2                      -62.804473
                   148.3                       -63.13052
               148.39999                      -63.456263
                   148.5                      -63.781763
               148.60001                      -64.107074
                   148.7                      -64.432273
                   148.8                      -64.757415
               148.89999                      -65.082423
                     149                      -65.407323
               149.10001                      -65.732003
                   149.2                      -66.056437
                   149.3                      -66.380516
               149.39999                      -66.704184
                   149.5                      -67.027306
               149.60001                      -67.349718
                   149.7                      -67.671395
                   149.8                      -67.992138
               149.89999                      -68.311901
                     150                      -68.630516

