        Frequency / MHz                S1,1/arg,degrees
----------------------------------------------------------------------
                      50                      -53.815158
               50.200001                      -53.800441
               50.400002                      -53.883593
               50.599998                      -54.059614
               50.799999                      -54.304891
                      51                      -54.588947
               51.200001                      -54.885616
               51.400002                      -55.179759
               51.599998                      -55.467954
               51.799999                      -55.754321
                      52                      -56.044474
               52.200001                      -56.340797
               52.400002                      -56.641075
               52.599998                      -56.940288
               52.799999                      -57.233897
                      53                      -57.520435
               53.200001                      -57.801986
               53.400002                      -58.082563
               53.599998                      -58.365598
               53.799999                      -58.652071
                      54                      -58.940307
               54.200001                      -59.227322
               54.400002                      -59.510853
               54.599998                      -59.790626
               54.799999                      -60.068434
                      55                      -60.346936
               55.200001                       -60.62803
               55.400002                       -60.91183
               55.599998                      -61.196848
               55.799999                      -61.480971
                      56                      -61.762895
               56.200001                      -62.042801
               56.400002                      -62.322281
               56.599998                      -62.603103
               56.799999                      -62.886365
                      57                      -63.171887
               57.200001                      -63.458271
               57.400002                      -63.744094
               57.599998                      -64.028516
               57.799999                      -64.312029
                      58                      -64.595899
               58.200001                      -64.881483
               58.400002                       -65.16939
               58.599998                       -65.45918
               58.799999                       -65.74971
                      59                      -66.039932
               59.200001                      -66.329423
               59.400002                      -66.618729
               59.599998                      -66.909011
               59.799999                      -67.201125
                      60                        -67.4955
               60.200001                      -67.791521
               60.400002                      -68.088272
               60.599998                      -68.384969
               60.799999                      -68.681473
                      61                      -68.978346
               61.200001                      -69.276568
               61.400002                      -69.576857
               61.599998                      -69.879167
               61.799999                      -70.183061
                      62                       -70.48775
               62.200001                      -70.792677
               62.400002                      -71.097795
               62.599998                      -71.403821
               62.799999                      -71.711441
                      63                      -72.021196
               63.200001                       -72.33296
               63.400002                      -72.646315
               63.599998                      -72.960526
               63.799999                      -73.275226
                      64                      -73.590651
               64.199997                      -73.907244
               64.400002                      -74.225783
               64.599998                      -74.546522
               64.800003                      -74.869275
                      65                      -75.193683
               65.199997                       -75.51906
               65.400002                       -75.84535
               65.599998                      -76.172681
               65.800003                       -76.50165
                      66                      -76.832743
               66.199997                      -77.166173
               66.400002                      -77.501754
               66.599998                      -77.839035
               66.800003                      -78.177608
                      67                      -78.517395
               67.199997                      -78.858687
               67.400002                      -79.201979
               67.599998                      -79.547683
               67.800003                      -79.895913
                      68                      -80.246451
               68.199997                      -80.598903
               68.400002                      -80.952973
               68.599998                      -81.308696
               68.800003                      -81.666359
                      69                      -82.026447
               69.199997                      -82.389273
               69.400002                      -82.754893
               69.599998                      -83.123067
               69.800003                      -83.493476
                      70                      -83.865939
               70.199997                      -84.240528
               70.400002                      -84.617575
               70.599998                      -84.997511
               70.800003                      -85.380595
                      71                      -85.766808
               71.199997                      -86.155952
               71.400002                      -86.547745
               71.599998                      -86.942093
               71.800003                      -87.339145
                      72                      -87.739217
               72.199997                       -88.14271
               72.400002                      -88.549796
               72.599998                      -88.960455
               72.800003                      -89.374473
                      73                      -89.791648
               73.199997                      -90.211923
               73.400002                       -90.63549
               73.599998                      -91.062671
               73.800003                      -91.493765
                      74                      -91.928916
               74.199997                      -92.368049
               74.400002                       -92.81096
               74.599998                      -93.257456
               74.800003                      -93.707525
                      75                      -94.161336
               75.199997                      -94.619163
               75.400002                      -95.081219
               75.599998                      -95.547557
               75.800003                      -96.018014
                      76                      -96.492343
               76.199997                       -96.97032
               76.400002                      -97.451889
               76.599998                      -97.937113
               76.800003                      -98.426133
                      77                      -98.918993
               77.199997                      -99.415513
               77.400002                      -99.915368
               77.599998                      -100.41808
               77.800003                      -100.92324
                      78                      -101.43051
               78.199997                      -101.93965
               78.400002                      -102.45041
               78.599998                      -102.96236
               78.800003                      -103.47486
                      79                      -103.98703
               79.199997                      -104.49792
               79.400002                      -105.00651
               79.599998                      -105.51191
               79.800003                      -106.01325
                      80                      -106.50964
               80.199997                      -107.00002
               80.400002                      -107.48318
               80.599998                      -107.95782
               80.800003                      -108.42263
                      81                      -108.87653
               81.199997                      -109.31867
               81.400002                       -109.7485
               81.599998                      -110.16571
               81.800003                      -110.57013
                      82                      -110.96179
               82.199997                      -111.34092
               82.400002                      -111.70816
               82.599998                      -112.06459
               82.800003                      -112.41175
                      83                      -112.75155
               83.199997                      -113.08616
               83.400002                      -113.41778
               83.599998                      -113.74862
               83.800003                      -114.08084
                      84                      -114.41661
               84.199997                      -114.75811
               84.400002                       -115.1075
               84.599998                      -115.46679
               84.800003                      -115.83774
                      85                      -116.22173
               85.199997                      -116.61981
               85.400002                      -117.03274
               85.599998                      -117.46108
               85.800003                      -117.90536
                      86                      -118.36595
               86.199997                      -118.84317
               86.400002                      -119.33711
               86.599998                      -119.84766
               86.800003                      -120.37452
                      87                      -120.91728
               87.199997                      -121.47564
               87.400002                      -122.04924
               87.599998                      -122.63786
               87.800003                      -123.24131
                      88                      -123.85927
               88.199997                      -124.49136
               88.400002                      -125.13714
               88.599998                      -125.79613
               88.800003                      -126.46797
                      89                      -127.15241
               89.199997                      -127.84928
               89.400002                      -128.55841
               89.599998                      -129.27958
               89.800003                      -130.01252
                      90                      -130.75689
               90.199997                      -131.51236
               90.400002                      -132.27868
               90.599998                      -133.05569
               90.800003                      -133.84332
                      91                       -134.6415
               91.199997                      -135.45008
               91.400002                      -136.26888
               91.599998                       -137.0976
               91.800003                      -137.93604
                      92                      -138.78405
               92.199997                      -139.64156
               92.400002                      -140.50869
               92.599998                      -141.38543
               92.800003                      -142.27186
                      93                      -143.16791
               93.199997                      -144.07366
               93.400002                      -144.98912
               93.599998                      -145.91459
               93.800003                      -146.85042
                      94                      -147.79714
               94.199997                      -148.75536
               94.400002                      -149.72571
               94.599998                      -150.70885
               94.800003                      -151.70552
                      95                      -152.71658
               95.199997                      -153.74308
               95.400002                      -154.78623
               95.599998                      -155.84736
               95.800003                      -156.92787
                      96                      -158.02913
               96.199997                      -159.15247
               96.400002                      -160.29924
               96.599998                      -161.47081
               96.800003                      -162.66862
                      97                      -163.89421
               97.199997                      -165.14903
               97.400002                       -166.4345
               97.599998                      -167.75193
               97.800003                      -169.10252
                      98                      -170.48741
               98.199997                      -171.90764
               98.400002                      -173.36442
               98.599998                      -174.85887
               98.800003                      -176.39214
                      99                      -177.96544
               99.199997                      -179.57976
               99.400002                       178.76387
               99.599998                       177.06441
               99.800003                       175.32076
                     100                       173.53178
                   100.2                        171.6961
                   100.4                       169.81224
                   100.6                        167.8787
                   100.8                       165.89396
                     101                       163.85636
                   101.2                       161.76421
                   101.4                       159.61561
                   101.6                       157.40844
                   101.8                       155.14028
                     102                       152.80855
                   102.2                       150.41038
                   102.4                       147.94279
                   102.6                       145.40257
                   102.8                       142.78624
                     103                       140.09001
                   103.2                       137.30977
                   103.4                       134.44082
                   103.6                       131.47817
                   103.8                       128.41634
                     104                       125.24962
                   104.2                       121.97198
                   104.4                       118.57705
                   104.6                       115.05824
                   104.8                       111.40876
                     105                        107.6217
                   105.2                       103.69013
                   105.4                       99.607562
                   105.6                       95.368556
                   105.8                       90.968848
                     106                       86.405954
                   106.2                       81.679982
                   106.4                        76.79402
                   106.6                       71.754596
                   106.8                       66.572477
                     107                        61.26291
                   107.2                       55.845775
                   107.4                       50.345342
                   107.6                       44.789694
                   107.8                       39.209563
                     108                       33.636758
                   108.2                        28.10264
                   108.4                       22.636686
                   108.6                       17.265096
                   108.8                       12.009894
                     109                       6.8885916
                   109.2                       1.9140277
                   109.4                      -2.9054086
                   109.6                      -7.5652371
                   109.8                      -12.064665
                     110                       -16.40566
                   110.2                      -20.592539
                   110.4                      -24.631203
                   110.6                      -28.528752
                   110.8                      -32.292788
                     111                      -35.931286
                   111.2                      -39.452139
                   111.4                      -42.863247
                   111.6                      -46.172306
                   111.8                      -49.386757
                     112                      -52.513838
                   112.2                      -55.560377
                   112.4                      -58.532735
                   112.6                      -61.436934
                   112.8                      -64.278483
                     113                      -67.062413
                   113.2                       -69.79356
                   113.4                      -72.476405
                   113.6                      -75.115453
                   113.8                      -77.714695
                     114                      -80.277928
                   114.2                       -82.80876
                   114.4                      -85.310467
                   114.6                      -87.786055
                   114.8                      -90.238366
                     115                      -92.670377
                   115.2                      -95.084685
                   115.4                      -97.484103
                   115.6                      -99.871118
                   115.8                      -102.24819
                     116                      -104.61761
                   116.2                      -106.98162
                   116.4                      -109.34219
                   116.6                      -111.70161
                   116.8                      -114.06218
                     117                      -116.42591
                   117.2                      -118.79533
                   117.4                      -121.17246
                   117.6                      -123.55963
                   117.8                        -125.959
                     118                      -128.37284
                   118.2                      -130.80362
                   118.4                      -133.25386
                   118.6                      -135.72639
                   118.8                      -138.22438
                     119                      -140.75095
                   119.2                      -143.30954
                   119.4                      -145.90392
                   119.6                      -148.53807
                   119.8                      -151.21676
                     120                      -153.94529
                   120.2                      -156.72971
                   120.4                      -159.57702
                   120.6                      -162.49505
                   120.8                      -165.49301
                     121                      -168.58118
                   121.2                      -171.77159
                   121.4                       -175.0785
                   121.6                      -178.51807
                   121.8                       177.89024
                     122                       174.12401
                   122.2                       170.15715
                   122.4                       165.96008
                   122.6                       161.49893
                   122.8                       156.73643
                     123                       151.63253
                   123.2                       146.14587
                   123.4                       140.23797
                   123.6                       133.87874
                   123.8                       127.05461
                     124                       119.77926
                   124.2                       112.10289
                   124.4                       104.11878
                   124.6                       95.960259
                   124.8                       87.787254
                     125                       79.763694
                   125.2                       72.033997
                   125.4                       64.705803
                   125.6                       57.843651
                   125.8                       51.472559
                     126                       45.586684
                   126.2                       40.160507
                   126.4                       35.156984
                   126.6                        30.53464
                   126.8                       26.251619
                     127                       22.268311
                   127.2                       18.548424
                   127.4                       15.059617
                   127.6                       11.773696
                   127.8                       8.6660148
                     128                       5.7153728
                   128.2                       2.9036848
               128.39999                      0.21488504
               128.60001                      -2.3645767
                   128.8                      -4.8467219
                     129                      -7.2421507
                   129.2                      -9.5597173
               129.39999                      -11.807286
               129.60001                       -13.99169
                   129.8                      -16.118774
                     130                      -18.193731
                   130.2                       -20.22126
               130.39999                      -22.205511
               130.60001                      -24.150202
                   130.8                      -26.058722
                     131                      -27.933852
                   131.2                      -29.778279
               131.39999                      -31.594125
               131.60001                       -33.38347
                   131.8                       -35.14823
                     132                      -36.890201
                   132.2                      -38.610971
               132.39999                      -40.312016
               132.60001                       -41.99465
                   132.8                       -43.66001
                     133                      -45.309256
                   133.2                      -46.943311
               133.39999                      -48.563049
               133.60001                      -50.169508
                   133.8                      -51.763512
                     134                      -53.345929
                   134.2                      -54.917526
               134.39999                      -56.478964
               134.60001                      -58.030836
                   134.8                      -59.573804
                     135                      -61.108358
                   135.2                      -62.635148
               135.39999                      -64.154728
               135.60001                      -65.667808
                   135.8                      -67.174821
                     136                      -68.676208
                   136.2                        -70.1724
               136.39999                      -71.663841
               136.60001                      -73.150745
                   136.8                      -74.633716
                     137                       -76.11308
                   137.2                      -77.589331
               137.39999                      -79.062738
               137.60001                      -80.533633
                   137.8                      -82.002179
                     138                      -83.468702
                   138.2                      -84.933367
               138.39999                      -86.396504
               138.60001                      -87.858383
                   138.8                      -89.319278
                     139                      -90.779463
                   139.2                      -92.239211
               139.39999                      -93.698631
               139.60001                      -95.157888
                   139.8                      -96.617417
                     140                      -98.077493
                   140.2                      -99.538552
               140.39999                      -101.00103
               140.60001                      -102.46526
                   140.8                      -103.93168
                     141                      -105.40077
                   141.2                      -106.87275
               141.39999                      -108.34819
               141.60001                      -109.82749
                   141.8                      -111.31129
                     142                      -112.79994
                   142.2                      -114.29389
               142.39999                      -115.79364
               142.60001                      -117.29945
                   142.8                      -118.81171
                     143                      -120.33079
                   143.2                      -121.85732
               143.39999                      -123.39159
               143.60001                      -124.93418
                   143.8                      -126.48545
                     144                      -128.04579
                   144.2                      -129.61554
               144.39999                      -131.19495
               144.60001                      -132.78452
                   144.8                       -134.3847
                     145                      -135.99602
                   145.2                      -137.61893
               145.39999                      -139.25419
               145.60001                       -140.9024
                   145.8                      -142.56459
                     146                      -144.24209
                   146.2                      -145.93663
               146.39999                      -147.65084
               146.60001                      -149.38751
                   146.8                       -151.1497
                     147                      -152.94036
                   147.2                      -154.76194
               147.39999                      -156.61631
               147.60001                      -158.50461
                   147.8                      -160.42712
                     148                      -162.38411
                   148.2                      -164.37541
               148.39999                      -166.40124
               148.60001                      -168.46205
                   148.8                      -170.55886
                     149                      -172.69299
                   149.2                      -174.86641
               149.39999                       -177.0812
               149.60001                      -179.33986
                   149.8                        178.3546
                     150                       175.99927
                   150.2                       173.59057
               150.39999                       171.12498
               150.60001                       168.59863
                   150.8                        166.0072
                     151                       163.34621
                   151.2                       160.61075
               151.39999                       157.79562
               151.60001                       154.89525
                   151.8                       151.90395
                     152                        148.8155
                   152.2                       145.62367
               152.39999                       142.32201
               152.60001                        138.9043
                   152.8                       135.36385
                     153                       131.69479
                   153.2                       127.89174
               153.39999                       123.94979
               153.60001                       119.86599
                   153.8                        115.6386
                     154                       111.26848
                   154.2                       106.75891
               154.39999                       102.11657
               154.60001                       97.351394
                   154.8                       92.477043
                     155                       87.510457
                   155.2                       82.472618
               155.39999                       77.386586
               155.60001                       72.277606
                   155.8                       67.171904
                     156                        62.09505
                   156.2                       57.071638
               156.39999                       52.123194
               156.60001                       47.268404
                   156.8                       42.522567
                     157                       37.897383
                   157.2                       33.400388
               157.39999                       29.036718
               157.60001                       24.808117
                   157.8                       20.713941
                     158                       16.751666
                   158.2                        12.91747
               158.39999                       9.2057814
               158.60001                       5.6112439
                   158.8                         2.12741
                     159                      -1.2519491
                   159.2                      -4.5331719
               159.39999                      -7.7227063
               159.60001                      -10.826126
                   159.8                      -13.849877
                     160                        -16.7991
                   160.2                      -19.679253
               160.39999                      -22.495259
               160.60001                      -25.251594
                   160.8                      -27.952524
                     161                      -30.601984
                   161.2                      -33.203574
               161.39999                      -35.761014
               161.60001                      -38.277367
                   161.8                      -40.755689
                     162                       -43.19893
                   162.2                      -45.609713
               162.39999                      -47.990552
               162.60001                      -50.343635
                   162.8                      -52.671034
                     163                       -54.97494
                   163.2                      -57.257533
               163.39999                      -59.520676
               163.60001                      -61.766113
                   163.8                      -63.995488
                     164                      -66.210654
                   164.2                      -68.413036
               164.39999                       -70.60416
               164.60001                      -72.785449
                   164.8                      -74.958324
                     165                      -77.124531
                   165.2                      -79.285277
               165.39999                      -81.441757
               165.60001                      -83.595507
                   165.8                      -85.747399
                     166                      -87.898964
                   166.2                      -90.051293
               166.39999                      -92.205589
               166.60001                      -94.363055
                   166.8                      -96.524892
                     167                       -98.69252
                   167.2                       -100.8666
               167.39999                      -103.04843
               167.60001                      -105.23923
                   167.8                      -107.43964
                     168                      -109.65121
                   168.2                      -111.87489
               168.39999                      -114.11159
               168.60001                       -116.3626
                   168.8                      -118.62869
                     169                      -120.91096
                   169.2                       -123.2105
               169.39999                      -125.52784
               169.60001                      -127.86421
                   169.8                      -130.22067
                     170                      -132.59802
                   170.2                      -134.99722
               170.39999                      -137.41904
               170.60001                      -139.86414
                   170.8                      -142.33338
                     171                      -144.82744
                   171.2                      -147.34685
               171.39999                      -149.89249
               171.60001                      -152.46469
                   171.8                      -155.06431
                     172                      -157.69137
                   172.2                       -160.3464
               172.39999                      -163.02951
               172.60001                      -165.74083
                   172.8                      -168.48033
                     173                      -171.24793
                   173.2                       -174.0436
               173.39999                      -176.86693
               173.60001                      -179.71736
                   173.8                       177.40544
                     174                       174.50266
                   174.2                       171.57519
               174.39999                       168.62411
               174.60001                       165.65063
                   174.8                       162.65605
                     175                       159.64181
                   175.2                       156.60986
               175.39999                       153.56206
               175.60001                       150.50028
                   175.8                       147.42681
                     176                       144.34404
                   176.2                       141.25406
               176.39999                       138.15939
               176.60001                       135.06241
                   176.8                       131.96555
                     177                       128.87142
                   177.2                       125.78276
               177.39999                       122.70196
               177.60001                       119.63154
                   177.8                       116.57424
                     178                       113.53191
                   178.2                       110.50685
               178.39999                       107.50124
               178.60001                       104.51693
                   178.8                       101.55602
                     179                       98.620351
                   179.2                       95.711455
               179.39999                       92.830864
               179.60001                       89.979561
                   179.8                       87.159075
                     180                       84.369735
                   180.2                       81.612962
               180.39999                       78.889082
               180.60001                       76.198971
                   180.8                       73.543176
                     181                       70.921912
                   181.2                       68.335292
               181.39999                       65.783535
               181.60001                       63.266309
                   181.8                       60.783835
                     182                       58.335568
                   182.2                       55.921724
               182.39999                       53.541866
               182.60001                       51.195671
                   182.8                       48.882695
                     183                       46.602394
                   183.2                       44.354117
               183.39999                       42.137089
               183.60001                       39.950883
                   183.8                       37.794948
                     184                       35.668737
                   184.2                       33.571378
               184.39999                       31.502322
               184.60001                       29.460697
                   184.8                       27.445408
                     185                       25.455802
                   185.2                       23.491111
               185.39999                       21.550572
               185.60001                        19.63331
                   185.8                       17.738782
                     186                       15.865997
                   186.2                        14.01376
               186.39999                       12.181411
               186.60001                       10.367641
                   186.8                       8.5719019
                     187                       6.7931023
                   187.2                       5.0304762
               187.39999                       3.2833684
               187.60001                       1.5506861
                   187.8                     -0.16899162
                     188                      -1.8764295
                   188.2                      -3.5730486
               188.39999                      -5.2595046
               188.60001                       -6.937217
                   188.8                      -8.6068436
                     189                      -10.269366
                   189.2                      -11.926425
               189.39999                      -13.579222
               189.60001                      -15.229395
                   189.8                      -16.878257
                     190                      -18.527556
                   190.2                      -20.178605
               190.39999                      -21.832931
               190.60001                      -23.492065
                   190.8                      -25.158085
                     191                      -26.833394
                   191.2                      -28.520506
               191.39999                      -30.221933
               191.60001                      -31.940191
                   191.8                      -33.677462
                     192                      -35.436483
                   192.2                       -37.21987
               192.39999                      -39.030473
               192.60001                      -40.871345
                   192.8                      -42.745113
                     193                       -44.65374
                   193.2                       -46.59745
               193.39999                      -48.574489
               193.60001                      -50.580706
                   193.8                      -52.608014
                     194                      -54.643412
                   194.2                       -56.66613
               194.39999                      -58.645029
               194.60001                      -60.533438
                   194.8                      -62.265247
                     195                      -63.749857
                   195.2                      -64.868477
               195.39999                      -65.474342
               195.60001                      -65.397408
                   195.8                      -64.462819
                     196                      -62.526978
                   196.2                      -59.540385
               196.39999                      -55.617343
               196.60001                      -51.072587
                   196.8                      -46.365223
                     197                      -41.954339
                   197.2                      -38.160907
               197.39999                      -35.118248
               197.60001                      -32.810082
                   197.8                      -31.138925
                     198                      -29.980964
                   198.2                      -29.215657
               198.39999                      -28.738635
               198.60001                      -28.462367
                   198.8                      -28.315053
                     199                      -28.237353
                   199.2                      -28.180088
               199.39999                        -28.1025
               199.60001                      -27.969501
                   199.8                      -27.749951
                     200                      -27.414233
                   200.2                      -26.931967
               200.39999                      -26.271681
               200.60001                      -25.400258
                   200.8                      -24.283495
                     201                      -22.887403
                   201.2                      -21.180294
               201.39999                      -19.134515
               201.60001                      -16.729741
                   201.8                      -13.957778
                     202                      -10.829005
                   202.2                      -7.3788296
               202.39999                      -3.6724958
               202.60001                      0.19503013
                   202.8                       4.1077999
                     203                       7.9415574
                   203.2                       11.579917
               203.39999                       14.927694
               203.60001                       17.917349
                   203.8                       20.510088
                     204                       22.692798
                   204.2                       24.471818
               204.39999                       25.867579
               204.60001                       26.908938
                   204.8                       27.628787
                     205                       28.060891
                   205.2                       28.237929
               205.39999                       28.189952
               205.60001                       27.944284
                   205.8                       27.525623
                     206                        26.95593
                   206.2                       26.254988
               206.39999                       25.440828
               206.60001                       24.528973
                   206.8                       23.533296
                     207                       22.465927
                   207.2                       21.337691
               207.39999                       20.157432
               207.60001                       18.933789
                   207.8                       17.674303
                     208                       16.385637
                   208.2                       15.073586
               208.39999                       13.743502
               208.60001                       12.400196
                   208.8                       11.047271
                     209                       9.6882285
                   209.2                       8.3261244
               209.39999                       6.9639112
               209.60001                       5.6037753
                   209.8                       4.2480101
                     210                       2.8986922
                   210.2                       1.5573524
               210.39999                      0.22519225
               210.60001                      -1.0966952
                   210.8                      -2.4072174
                     211                      -3.7057181
                   211.2                      -4.9913237
               211.39999                      -6.2632691
               211.60001                      -7.5210077
                   211.8                      -8.7643203
                     212                      -9.9926617
                   212.2                      -11.206031
               212.39999                      -12.404319
               212.60001                      -13.587416
                   212.8                      -14.755217
                     213                      -15.907496
                   213.2                       -17.04415
               213.39999                      -18.165393
               213.60001                      -19.271338
                   213.8                      -20.362201
                     214                      -21.438091
                   214.2                       -22.49923
               214.39999                      -23.545724
               214.60001                      -24.577683
                   214.8                      -25.595108
                     215                      -26.598436
                   215.2                      -27.587774
               215.39999                      -28.563672
               215.60001                      -29.526346
                   215.8                      -30.476125
                     216                      -31.412791
                   216.2                      -32.337108
               216.39999                      -33.249073
               216.60001                      -34.148692
                   216.8                      -35.036506
                     217                      -35.912848
                   217.2                      -36.777931
               217.39999                      -37.631977
               217.60001                      -38.474989
                   217.8                      -39.306851
                     218                      -40.128005
                   218.2                      -40.938225
               218.39999                      -41.737525
               218.60001                      -42.526106
                   218.8                       -43.30366
                     219                       -44.07017
                   219.2                      -44.825203
               219.39999                       -45.56833
               219.60001                      -46.299106
                   219.8                      -47.016878
                     220                      -47.721205
                   220.2                      -48.411548
               220.39999                      -49.086804
               220.60001                      -49.746109
                   220.8                      -50.388259
                     221                      -51.012043
                   221.2                      -51.616054
               221.39999                      -52.198639
               221.60001                       -52.75817
                   221.8                         -53.293
                     222                      -53.800945
                   222.2                      -54.279502
               222.39999                      -54.726464
               222.60001                      -55.138573
                   222.8                      -55.513085
                     223                      -55.846288
                   223.2                      -56.135014
               223.39999                      -56.375217
               223.60001                      -56.562746
                   223.8                      -56.692904
                     224                       -56.76033
                   224.2                      -56.760006
               224.39999                       -56.68635
               224.60001                      -56.533677
                   224.8                      -56.296316
                     225                      -55.968578
                   225.2                      -55.545544
               225.39999                      -55.022513
               225.60001                      -54.395993
                   225.8                      -53.664454
                     226                      -52.829093
                   226.2                      -51.894067
               226.39999                      -50.868012
               226.60001                      -49.764251
                   226.8                      -48.601479
                     227                      -47.403738
                   227.2                      -46.200313
               227.39999                      -45.025522
               227.60001                      -43.915858
                   227.8                      -42.909037
                     228                      -42.040892
                   228.2                      -41.342903
               228.39999                       -40.83998
               228.60001                      -40.549504
                   228.8                      -40.480221
                     229                      -40.631906
                   229.2                      -40.997239
               229.39999                       -41.56136
               229.60001                      -42.305031
                   229.8                      -43.205192
                     230                      -44.236937
                   230.2                        -45.3749
               230.39999                      -46.594715
               230.60001                      -47.874094
                   230.8                      -49.193027
                     231                      -50.534371
                   231.2                      -51.883796
               231.39999                      -53.229724
               231.60001                      -54.563196
                   231.8                      -55.877324
                     232                      -57.167413
                   232.2                      -58.430179
               232.39999                      -59.664201
               232.60001                      -60.868609
                   232.8                      -62.043841
                     233                      -63.190436
                   233.2                      -64.309603
               233.39999                      -65.402543
               233.60001                      -66.470896
                   233.8                      -67.516404
                     234                      -68.540499
                   234.2                      -69.545135
               234.39999                      -70.531744
               234.60001                      -71.501738
                   234.8                      -72.456106
                     235                      -73.395613
                   235.2                      -74.321132
               235.39999                      -75.232989
               235.60001                      -76.131623
                   235.8                      -77.016816
                     236                       -77.88813
                   236.2                      -78.745126
               236.39999                       -79.58606
               236.60001                      -80.409508
                   236.8                      -81.213393
                     237                      -81.994985
                   237.2                      -82.751333
               237.39999                      -83.478721
               237.60001                      -84.173106
                   237.8                       -84.82935
                     238                      -85.441773
                   238.2                      -86.003924
               238.39999                      -86.508593
               238.60001                       -86.94802
                   238.8                      -87.314009
                     239                      -87.597708
                   239.2                      -87.789827
               239.39999                       -87.88097
               239.60001                      -87.861408
                   239.8                        -87.7224
                     240                      -87.455531
                   240.2                      -87.054353
               240.39999                      -86.514276
               240.60001                      -85.833662
                   240.8                      -85.013383
                     241                      -84.059014
                   241.2                      -82.978971
               241.39999                       -81.78713
               241.60001                      -80.500978
                   241.8                      -79.142262
                     242                      -77.735352
                   242.2                       -76.30615
               242.39999                       -74.88088
               242.60001                      -73.483913
                   242.8                      -72.137548
                     243                      -70.860795
                   243.2                       -69.66928
               243.39999                      -68.574593
               243.60001                      -67.584817
                   243.8                      -66.704977
                     244                       -65.93639
                   244.2                      -65.278726
               244.39999                      -64.729579
               244.60001                      -64.285453
                   244.8                      -63.941976
                     245                      -63.694342
                   245.2                      -63.537083
               245.39999                      -63.464628
               245.60001                      -63.470968
                   245.8                      -63.549979
                     246                      -63.696089
                   246.2                      -63.903726
               246.39999                      -64.167753
               246.60001                      -64.483037
                   246.8                      -64.844981
                     247                      -65.248782
                   247.2                       -65.68996
               247.39999                      -66.164465
               247.60001                      -66.667932
                   247.8                      -67.197406
                     248                      -67.749397
                   248.2                      -68.321164
               248.39999                      -68.910201
               248.60001                      -69.513662
                   248.8                      -70.129471
                     249                      -70.755664
                   249.2                      -71.390052
               249.39999                      -72.031216
               249.60001                      -72.678171
                   249.8                      -73.329825
                     250                      -73.985087

