        Frequency / MHz                S1,1/abs,dB
----------------------------------------------------------------------
                     100                      -13.615119
                   100.1                      -13.809063
                   100.2                      -14.006058
                   100.3                      -14.206183
                   100.4                      -14.409523
                   100.5                      -14.616163
                   100.6                       -14.82619
                   100.7                      -15.039697
                   100.8                      -15.256776
                   100.9                      -15.477527
                     101                      -15.702052
                   101.1                      -15.930456
                   101.2                       -16.16285
                   101.3                      -16.399349
                   101.4                       -16.64007
                   101.5                      -16.885135
                   101.6                      -17.134663
                   101.7                       -17.38878
                   101.8                      -17.647603
                   101.9                      -17.911253
                     102                      -18.179841
                   102.1                      -18.453469
                   102.2                      -18.732229
                   102.3                      -19.016194
                   102.4                       -19.30542
                   102.5                      -19.599934
                   102.6                       -19.89973
                   102.7                      -20.204763
                   102.8                      -20.514936
                   102.9                      -20.830088
                     103                      -21.149985
                   103.1                      -21.474295
                   103.2                      -21.802573
                   103.3                      -22.134234
                   103.4                      -22.468524
                   103.5                      -22.804487
                   103.6                      -23.140929
                   103.7                      -23.476376
                   103.8                      -23.809037
                   103.9                       -24.13676
                     104                      -24.457008
                   104.1                      -24.766838
                   104.2                      -25.062908
                   104.3                       -25.34152
                   104.4                      -25.598701
                   104.5                      -25.830335
                   104.6                      -26.032353
                   104.7                      -26.200963
                   104.8                      -26.332898
                   104.9                      -26.425678
                     105                      -26.477814
                   105.1                       -26.48894
                   105.2                      -26.459849
                   105.3                      -26.392417
                   105.4                      -26.289435
                   105.5                      -26.154383
                   105.6                      -25.991167
                   105.7                      -25.803877
                   105.8                      -25.596573
                   105.9                      -25.373119
                     106                      -25.137072
                   106.1                      -24.891617
                   106.2                       -24.63954
                   106.3                      -24.383231
                   106.4                      -24.124707
                   106.5                      -23.865646
                   106.6                      -23.607421
                   106.7                      -23.351145
                   106.8                      -23.097705
                   106.9                      -22.847793
                     107                       -22.60195
                   107.1                      -22.360576
                   107.2                      -22.123965
                   107.3                      -21.892319
                   107.4                      -21.665767
                   107.5                      -21.444376
                   107.6                      -21.228167
                   107.7                       -21.01712
                   107.8                      -20.811185
                   107.9                      -20.610289
                     108                      -20.414339
                   108.1                      -20.223231
                   108.2                      -20.036853
                   108.3                      -19.855084
                   108.4                      -19.677802
                   108.5                      -19.504883
                   108.6                      -19.336204
                   108.7                      -19.171643
                   108.8                      -19.011081
                   108.9                      -18.854403
                     109                      -18.701492
                   109.1                       -18.55224
                   109.2                      -18.406538
                   109.3                      -18.264282
                   109.4                      -18.125367
                   109.5                      -17.989695
                   109.6                      -17.857167
                   109.7                      -17.727687
                   109.8                      -17.601161
                   109.9                      -17.477498
                     110                      -17.356609
                   110.1                      -17.238406
                   110.2                      -17.122808
                   110.3                      -17.009734
                   110.4                      -16.899106
                   110.5                      -16.790851
                   110.6                      -16.684899
                   110.7                      -16.581183
                   110.8                      -16.479641
                   110.9                      -16.380211
                     111                      -16.282839
                   111.1                      -16.187467
                   111.2                      -16.094045
                   111.3                      -16.002521
                   111.4                      -15.912849
                   111.5                      -15.824979
                   111.6                      -15.738867
                   111.7                      -15.654467
                   111.8                      -15.571734
                   111.9                      -15.490625
                     112                      -15.411097
                   112.1                      -15.333109
                   112.2                      -15.256619
                   112.3                      -15.181591
                   112.4                      -15.107982
                   112.5                       -15.03576
                   112.6                      -14.964887
                   112.7                      -14.895331
                   112.8                      -14.827063
                   112.9                      -14.760051
                     113                      -14.694266
                   113.1                      -14.629685
                   113.2                       -14.56628
                   113.3                      -14.504028
                   113.4                      -14.442905
                   113.5                      -14.382887
                   113.6                      -14.323954
                   113.7                       -14.26608
                   113.8                      -14.209246
                   113.9                      -14.153428
                     114                      -14.098603
                   114.1                      -14.044751
                   114.2                      -13.991849
                   114.3                      -13.939877
                   114.4                      -13.888813
                   114.5                      -13.838638
                   114.6                      -13.789332
                   114.7                      -13.740876
                   114.8                      -13.693254
                   114.9                      -13.646449
                     115                      -13.600447
                   115.1                      -13.555233
                   115.2                      -13.510793
                   115.3                      -13.467114
                   115.4                      -13.424185
                   115.5                      -13.381992
                   115.6                      -13.340524
                   115.7                      -13.299769
                   115.8                      -13.259715
                   115.9                       -13.22035
                     116                      -13.181661
                   116.1                      -13.143635
                   116.2                      -13.106261
                   116.3                      -13.069524
                   116.4                      -13.033414
                   116.5                      -12.997917
                   116.6                      -12.963022
                   116.7                      -12.928718
                   116.8                      -12.894994
                   116.9                      -12.861841
                     117                      -12.829248
                   117.1                      -12.797209
                   117.2                      -12.765713
                   117.3                      -12.734756
                   117.4                      -12.704329
                   117.5                      -12.674426
                   117.6                      -12.645039
                   117.7                      -12.616163
                   117.8                      -12.587791
                   117.9                      -12.559915
                     118                      -12.532528
                   118.1                      -12.505623
                   118.2                      -12.479192
                   118.3                      -12.453227
                   118.4                      -12.427719
                   118.5                      -12.402662
                   118.6                      -12.378047
                   118.7                      -12.353866
                   118.8                      -12.330114
                   118.9                      -12.306782
                     119                      -12.283866
                   119.1                       -12.26136
                   119.2                      -12.239258
                   119.3                      -12.217557
                   119.4                      -12.196252
                   119.5                      -12.175339
                   119.6                      -12.154814
                   119.7                      -12.134675
                   119.8                      -12.114917
                   119.9                      -12.095536
                     120                      -12.076527
                   120.1                      -12.057887
                   120.2                       -12.03961
                   120.3                      -12.021689
                   120.4                      -12.004123
                   120.5                      -11.986904
                   120.6                      -11.970025
                   120.7                      -11.953484
                   120.8                      -11.937275
                   120.9                      -11.921391
                     121                      -11.905831
                   121.1                      -11.890589
                   121.2                      -11.875664
                   121.3                       -11.86105
                   121.4                      -11.846747
                   121.5                      -11.832752
                   121.6                      -11.819063
                   121.7                      -11.805678
                   121.8                      -11.792594
                   121.9                       -11.77981
                     122                      -11.767323
                   122.1                      -11.755131
                   122.2                       -11.74323
                   122.3                      -11.731617
                   122.4                      -11.720289
                   122.5                      -11.709241
                   122.6                       -11.69847
                   122.7                      -11.687972
                   122.8                      -11.677743
                   122.9                      -11.667779
                     123                      -11.658077
                   123.1                      -11.648636
                   123.2                      -11.639452
                   123.3                      -11.630523
                   123.4                      -11.621848
                   123.5                      -11.613425
                   123.6                      -11.605253
                   123.7                      -11.597332
                   123.8                      -11.589662
                   123.9                      -11.582238
                     124                      -11.575063
                   124.1                      -11.568133
                   124.2                      -11.561449
                   124.3                      -11.555006
                   124.4                      -11.548802
                   124.5                      -11.542835
                   124.6                      -11.537104
                   124.7                      -11.531602
                   124.8                       -11.52633
                   124.9                      -11.521283
                     125                      -11.516459
                   125.1                      -11.511857
                   125.2                      -11.507473
                   125.3                      -11.503307
                   125.4                      -11.499359
                   125.5                      -11.495625
                   125.6                      -11.492107
                   125.7                      -11.488805
                   125.8                      -11.485718
                   125.9                      -11.482845
                     126                      -11.480188
                   126.1                      -11.477745
                   126.2                      -11.475516
                   126.3                      -11.473498
                   126.4                      -11.471691
                   126.5                      -11.470094
                   126.6                      -11.468704
                   126.7                      -11.467518
                   126.8                      -11.466536
                   126.9                      -11.465753
                     127                      -11.465168
                   127.1                      -11.464781
                   127.2                      -11.464588
                   127.3                      -11.464588
                   127.4                      -11.464783
                   127.5                       -11.46517
                   127.6                       -11.46575
                   127.7                      -11.466523
                   127.8                      -11.467488
                   127.9                      -11.468649
                     128                      -11.470003
               128.10001                      -11.471551
                   128.2                      -11.473294
                   128.3                      -11.475232
               128.39999                      -11.477362
                   128.5                      -11.479685
               128.60001                      -11.482198
                   128.7                      -11.484901
                   128.8                      -11.487793
               128.89999                       -11.49087
                     129                      -11.494132
               129.10001                      -11.497575
                   129.2                      -11.501199
                   129.3                      -11.505005
               129.39999                      -11.508989
                   129.5                      -11.513153
               129.60001                      -11.517498
                   129.7                      -11.522021
                   129.8                      -11.526726
               129.89999                      -11.531614
                     130                      -11.536683
               130.10001                      -11.541937
                   130.2                      -11.547375
                   130.3                      -11.552998
               130.39999                      -11.558806
                   130.5                      -11.564798
               130.60001                      -11.570974
                   130.7                      -11.577332
                   130.8                      -11.583872
               130.89999                      -11.590591
                     131                      -11.597488
               131.10001                      -11.604563
                   131.2                      -11.611815
                   131.3                      -11.619241
               131.39999                      -11.626841
                   131.5                      -11.634614
               131.60001                      -11.642564
                   131.7                      -11.650688
                   131.8                      -11.658989
               131.89999                      -11.667468
                     132                      -11.676125
               132.10001                      -11.684964
                   132.2                      -11.693984
                   132.3                      -11.703188
               132.39999                      -11.712575
                   132.5                      -11.722145
               132.60001                        -11.7319
                   132.7                      -11.741839
                   132.8                       -11.75196
               132.89999                      -11.762261
                     133                      -11.772743
               133.10001                      -11.783406
                   133.2                      -11.794247
                   133.3                      -11.805263
               133.39999                      -11.816457
                   133.5                      -11.827828
               133.60001                      -11.839377
                   133.7                      -11.851102
                   133.8                      -11.863008
               133.89999                      -11.875095
                     134                      -11.887365
               134.10001                      -11.899822
                   134.2                      -11.912463
                   134.3                      -11.925295
               134.39999                      -11.938318
                   134.5                      -11.951532
               134.60001                       -11.96494
                   134.7                       -11.97854
                   134.8                      -11.992333
               134.89999                      -12.006319
                     135                      -12.020496
               135.10001                      -12.034864
                   135.2                      -12.049424
                   135.3                      -12.064172
               135.39999                       -12.07911
                   135.5                      -12.094238
               135.60001                      -12.109557
                   135.7                      -12.125068
                   135.8                      -12.140773
               135.89999                      -12.156674
                     136                      -12.172775
               136.10001                      -12.189078
                   136.2                      -12.205587
                   136.3                      -12.222305
               136.39999                      -12.239234
                   136.5                      -12.256379
               136.60001                       -12.27374
                   136.7                      -12.291318
                   136.8                      -12.309118
               136.89999                      -12.327136
                     137                      -12.345376
               137.10001                      -12.363835
                   137.2                      -12.382514
                   137.3                      -12.401413
               137.39999                      -12.420531
                   137.5                      -12.439869
               137.60001                      -12.459427
                   137.7                      -12.479207
                   137.8                       -12.49921
               137.89999                      -12.519438
                     138                      -12.539893
               138.10001                      -12.560578
                   138.2                      -12.581494
                   138.3                      -12.602645
               138.39999                       -12.62403
                   138.5                      -12.645654
               138.60001                      -12.667513
                   138.7                       -12.68961
                   138.8                       -12.71194
               138.89999                      -12.734501
                     139                      -12.757292
               139.10001                      -12.780306
                   139.2                      -12.803541
                   139.3                      -12.826991
               139.39999                      -12.850651
                   139.5                      -12.874519
               139.60001                       -12.89859
                   139.7                      -12.922862
                   139.8                      -12.947335
               139.89999                      -12.972007
                     140                      -12.996879
               140.10001                      -13.021954
                   140.2                      -13.047234
                   140.3                      -13.072721
               140.39999                       -13.09842
                   140.5                      -13.124334
               140.60001                      -13.150466
                   140.7                      -13.176818
                   140.8                      -13.203393
               140.89999                       -13.23019
                     141                      -13.257212
               141.10001                      -13.284457
                   141.2                      -13.311923
                   141.3                      -13.339609
               141.39999                      -13.367514
                   141.5                      -13.395635
               141.60001                      -13.423973
                   141.7                      -13.452526
                   141.8                      -13.481296
               141.89999                      -13.510284
                     142                      -13.539492
               142.10001                      -13.568924
                   142.2                      -13.598585
                   142.3                      -13.628478
               142.39999                      -13.658609
                   142.5                      -13.688981
               142.60001                      -13.719599
                   142.7                      -13.750463
                   142.8                      -13.781576
               142.89999                      -13.812935
                     143                      -13.844538
               143.10001                       -13.87638
                   143.2                      -13.908457
                   143.3                      -13.940758
               143.39999                      -13.973279
                   143.5                      -14.006009
               143.60001                       -14.03894
                   143.7                      -14.072065
                   143.8                      -14.105377
               143.89999                      -14.138872
                     144                      -14.172545
               144.10001                      -14.206393
                   144.2                      -14.240417
                   144.3                      -14.274615
               144.39999                      -14.308987
                   144.5                      -14.343533
               144.60001                      -14.378252
                   144.7                      -14.413139
                   144.8                       -14.44819
               144.89999                      -14.483397
                     145                      -14.518749
               145.10001                      -14.554236
                   145.2                      -14.589842
                   145.3                      -14.625556
               145.39999                      -14.661363
                   145.5                      -14.697253
               145.60001                      -14.733222
                   145.7                      -14.769271
                   145.8                      -14.805413
               145.89999                      -14.841669
                     146                      -14.878073
               146.10001                      -14.914673
                   146.2                      -14.951533
                   146.3                      -14.988731
               146.39999                      -15.026357
                   146.5                      -15.064516
               146.60001                      -15.103321
                   146.7                      -15.142898
                   146.8                      -15.183369
               146.89999                      -15.224865
                     147                      -15.267507
               147.10001                      -15.311416
                   147.2                      -15.356695
                   147.3                      -15.403438
               147.39999                      -15.451718
                   147.5                      -15.501588
               147.60001                       -15.55308
                   147.7                      -15.606204
                   147.8                      -15.660944
               147.89999                      -15.717264
                     148                      -15.775109
               148.10001                      -15.834402
                   148.2                      -15.895054
                   148.3                      -15.956964
               148.39999                      -16.020021
                   148.5                      -16.084112
               148.60001                      -16.149129
                   148.7                       -16.21496
                   148.8                      -16.281507
               148.89999                      -16.348683
                     149                      -16.416411
               149.10001                       -16.48463
                   149.2                      -16.553293
                   149.3                      -16.622371
               149.39999                      -16.691847
                   149.5                      -16.761719
               149.60001                      -16.831994
                   149.7                      -16.902689
                   149.8                      -16.973829
               149.89999                      -17.045442
                     150                      -17.117559
               150.10001                      -17.190212
                   150.2                      -17.263428
                   150.3                      -17.337239
               150.39999                      -17.411666
                   150.5                      -17.486734
               150.60001                      -17.562463
                   150.7                      -17.638868
                   150.8                      -17.715967
               150.89999                      -17.793774
                     151                      -17.872309
               151.10001                      -17.951587
                   151.2                       -18.03163
                   151.3                      -18.112459
               151.39999                      -18.194104
                   151.5                      -18.276592
               151.60001                      -18.359957
                   151.7                      -18.444232
                   151.8                      -18.529455
               151.89999                      -18.615664
                     152                      -18.702895
               152.10001                      -18.791187
                   152.2                      -18.880574
                   152.3                      -18.971089
               152.39999                      -19.062767
                   152.5                      -19.155636
               152.60001                      -19.249723
                   152.7                      -19.345055
                   152.8                      -19.441658
               152.89999                      -19.539558
                     153                      -19.638781
               153.10001                      -19.739355
                   153.2                      -19.841311
                   153.3                      -19.944682
               153.39999                      -20.049505
                   153.5                      -20.155821
               153.60001                      -20.263675
                   153.7                      -20.373115
                   153.8                      -20.484192
               153.89999                      -20.596962
                     154                      -20.711478
               154.10001                        -20.8278
                   154.2                      -20.945986
                   154.3                      -21.066096
               154.39999                      -21.188187
                   154.5                       -21.31232
               154.60001                      -21.438554
                   154.7                      -21.566946
                   154.8                      -21.697559
               154.89999                      -21.830453
                     155                      -21.965692
               155.10001                      -22.103342
                   155.2                      -22.243476
                   155.3                      -22.386168
               155.39999                      -22.531501
                   155.5                      -22.679565
               155.60001                      -22.830452
                   155.7                      -22.984266
                   155.8                      -23.141118
               155.89999                      -23.301121
                     156                      -23.464401
               156.10001                       -23.63109
                   156.2                      -23.801321
                   156.3                      -23.975237
               156.39999                      -24.152988
                   156.5                      -24.334727
               156.60001                      -24.520612
                   156.7                      -24.710811
                   156.8                      -24.905495
               156.89999                      -25.104846
                     157                      -25.309054
               157.10001                      -25.518317
                   157.2                      -25.732849
                   157.3                      -25.952875
               157.39999                      -26.178637
                   157.5                      -26.410389
               157.60001                       -26.64841
                   157.7                      -26.892992
                   157.8                       -27.14445
               157.89999                      -27.403117
                     158                      -27.669347
               158.10001                      -27.943515
                   158.2                      -28.226012
                   158.3                      -28.517245
               158.39999                      -28.817636
                   158.5                      -29.127614
               158.60001                      -29.447613
                   158.7                      -29.778059
                   158.8                      -30.119365
               158.89999                      -30.471909
                     159                      -30.836016
               159.10001                      -31.211928
                   159.2                      -31.599762
                   159.3                      -31.999459
               159.39999                      -32.410699
                   159.5                      -32.832813
               159.60001                      -33.264635
                   159.7                      -33.704339
                   159.8                       -34.14921
               159.89999                      -34.595382
                     160                      -35.037524
               160.10001                      -35.468538
                   160.2                      -35.879295
                   160.3                      -36.258564
               160.39999                      -36.593263
                   160.5                      -36.869212
               160.60001                      -37.072485
                   160.7                       -37.19127
                   160.8                      -37.217835
               160.89999                      -37.150013
                     161                      -36.991638
               161.10001                      -36.751784
                   161.2                       -36.44307
                   161.3                      -36.079673
               161.39999                      -35.675586
                   161.5                      -35.243427
               161.60001                      -34.793848
                   161.7                      -34.335386
                   161.8                      -33.874604
               161.89999                      -33.416378
                     162                      -32.964211
               162.10001                      -32.520527
                   162.2                      -32.086928
                   162.3                      -31.664412
               162.39999                      -31.253525
                   162.5                      -30.854496
               162.60001                      -30.467321
                   162.7                      -30.091841
                   162.8                      -29.727792
               162.89999                      -29.374834
                     163                       -29.03259
               163.10001                      -28.700651
                   163.2                      -28.378604
                   163.3                      -28.066029
               163.39999                      -27.762512
                   163.5                      -27.467649
               163.60001                      -27.181046
                   163.7                      -26.902324
                   163.8                       -26.63112
               163.89999                      -26.367085
                     164                      -26.109887
               164.10001                      -25.859215
                   164.2                      -25.614768
                   164.3                      -25.376269
               164.39999                      -25.143454
                   164.5                      -24.916075
               164.60001                      -24.693901
                   164.7                      -24.476716
                   164.8                      -24.264316
               164.89999                      -24.056512
                     165                      -23.853126
               165.10001                      -23.653989
                   165.2                      -23.458942
                   165.3                      -23.267838
               165.39999                      -23.080532
                   165.5                      -22.896889
               165.60001                      -22.716779
                   165.7                      -22.540074
                   165.8                      -22.366657
               165.89999                      -22.196411
                     166                      -22.029225
               166.10001                      -21.864991
                   166.2                      -21.703609
                   166.3                      -21.544981
               166.39999                      -21.389013
                   166.5                      -21.235619
               166.60001                      -21.084717
                   166.7                      -20.936227
                   166.8                      -20.790079
               166.89999                      -20.646201
                     167                      -20.504532
               167.10001                      -20.365009
                   167.2                      -20.227576
                   167.3                      -20.092178
               167.39999                      -19.958764
                   167.5                       -19.82728
               167.60001                       -19.69768
                   167.7                      -19.569914
                   167.8                      -19.443936
               167.89999                      -19.319699
                     168                      -19.197158
               168.10001                      -19.076266
                   168.2                      -18.956982
                   168.3                      -18.839261
               168.39999                      -18.723062
                   168.5                      -18.608347
               168.60001                      -18.495078
                   168.7                      -18.383218
                   168.8                      -18.272735
               168.89999                      -18.163597
                     169                      -18.055776
               169.10001                      -17.949243
                   169.2                      -17.843971
                   169.3                       -17.73994
               169.39999                      -17.637124
                   169.5                        -17.5355
               169.60001                      -17.435046
                   169.7                      -17.335741
                   169.8                      -17.237562
               169.89999                      -17.140489
                     170                      -17.044497
               170.10001                      -16.949565
                   170.2                      -16.855671
                   170.3                      -16.762792
               170.39999                      -16.670906
                   170.5                      -16.579993
               170.60001                       -16.49003
                   170.7                         -16.401
                   170.8                      -16.312883
               170.89999                      -16.225662
                     171                       -16.13932
               171.10001                      -16.053845
                   171.2                      -15.969222
                   171.3                      -15.885437
               171.39999                      -15.802481
                   171.5                       -15.72034
               171.60001                      -15.639005
                   171.7                      -15.558464
                   171.8                      -15.478706
               171.89999                       -15.39972
                     172                      -15.321493
               172.10001                      -15.244013
                   172.2                      -15.167268
                   172.3                      -15.091245
               172.39999                      -15.015929
                   172.5                       -14.94131
               172.60001                      -14.867373
                   172.7                      -14.794107
                   172.8                      -14.721499
               172.89999                      -14.649538
                     173                      -14.578217
               173.10001                      -14.507523
                   173.2                      -14.437451
                   173.3                      -14.367992
               173.39999                       -14.29914
                   173.5                      -14.230889
               173.60001                      -14.163233
                   173.7                      -14.096166
                   173.8                      -14.029683
               173.89999                      -13.963776
                     174                      -13.898441
               174.10001                      -13.833669
                   174.2                      -13.769453
                   174.3                      -13.705785
               174.39999                      -13.642656
                   174.5                      -13.580058
               174.60001                      -13.517983
                   174.7                      -13.456422
                   174.8                      -13.395366
               174.89999                      -13.334808
                     175                      -13.274742
               175.10001                      -13.215161
                   175.2                      -13.156059
                   175.3                      -13.097432
               175.39999                      -13.039276
                   175.5                      -12.981587
               175.60001                      -12.924363
                   175.7                      -12.867601
                   175.8                      -12.811297
               175.89999                      -12.755447
                     176                       -12.70005
               176.10001                      -12.645101
                   176.2                      -12.590596
                   176.3                      -12.536528
               176.39999                      -12.482894
                   176.5                      -12.429687
               176.60001                      -12.376901
                   176.7                      -12.324529
                   176.8                      -12.272566
               176.89999                      -12.221006
                     177                      -12.169842
               177.10001                      -12.119073
                   177.2                      -12.068692
                   177.3                      -12.018697
               177.39999                      -11.969085
                   177.5                      -11.919854
               177.60001                      -11.871002
                   177.7                      -11.822528
                   177.8                      -11.774432
               177.89999                      -11.726711
                     178                      -11.679363
               178.10001                      -11.632389
                   178.2                      -11.585784
                   178.3                      -11.539547
               178.39999                      -11.493673
                   178.5                       -11.44816
               178.60001                      -11.403001
                   178.7                      -11.358192
                   178.8                      -11.313731
               178.89999                      -11.269609
                     179                      -11.225825
               179.10001                      -11.182375
                   179.2                      -11.139253
                   179.3                       -11.09646
               179.39999                      -11.053993
                   179.5                      -11.011849
               179.60001                      -10.970029
                   179.7                      -10.928533
                   179.8                       -10.88736
               179.89999                      -10.846512
                     180                      -10.805987
               180.10001                      -10.765786
                   180.2                      -10.725908
                   180.3                      -10.686351
               180.39999                      -10.647114
                   180.5                      -10.608193
               180.60001                      -10.569589
                   180.7                      -10.531294
                   180.8                      -10.493306
               180.89999                      -10.455622
                     181                      -10.418238
               181.10001                       -10.38115
                   181.2                      -10.344357
                   181.3                      -10.307855
               181.39999                      -10.271644
                   181.5                      -10.235724
               181.60001                      -10.200093
                   181.7                      -10.164753
                   181.8                      -10.129704
               181.89999                       -10.09495
                     182                      -10.060489
               182.10001                      -10.026323
                   182.2                      -9.9924534
                   182.3                      -9.9588806
               182.39999                      -9.9256034
                   182.5                      -9.8926228
               182.60001                      -9.8599346
                   182.7                      -9.8275385
                   182.8                      -9.7954303
               182.89999                      -9.7636088
                     183                      -9.7320705
               183.10001                      -9.7008121
                   183.2                      -9.6698317
                   183.3                      -9.6391283
               183.39999                      -9.6087003
                   183.5                      -9.5785467
               183.60001                      -9.5486701
                   183.7                      -9.5190713
                   183.8                      -9.4897506
               183.89999                      -9.4607123
                     184                       -9.431958
               184.10001                      -9.4034919
                   184.2                      -9.3753145
                   184.3                      -9.3474287
               184.39999                       -9.319836
                   184.5                      -9.2925361
               184.60001                      -9.2655305
                   184.7                      -9.2388158
                   184.8                      -9.2123936
               184.89999                       -9.186259
                     185                      -9.1604131
               185.10001                       -9.134851
                   185.2                      -9.1095719
                   185.3                      -9.0845752
               185.39999                      -9.0598587
                   185.5                      -9.0354238
               185.60001                      -9.0112716
                   185.7                      -8.9874037
                   185.8                      -8.9638236
               185.89999                      -8.9405348
                     186                      -8.9175406
               186.10001                      -8.8948459
                   186.2                      -8.8724548
                   186.3                      -8.8503704
               186.39999                      -8.8285963
                   186.5                      -8.8071351
               186.60001                      -8.7859872
                   186.7                      -8.7651525
                   186.8                      -8.7446322
               186.89999                      -8.7244222
                     187                      -8.7045233
               187.10001                      -8.6849312
                   187.2                      -8.6656437
                   187.3                      -8.6466598
               187.39999                      -8.6279773
                   187.5                      -8.6095952
               187.60001                      -8.5915158
                   187.7                      -8.5737369
                   187.8                      -8.5562639
               187.89999                      -8.5390977
                     188                       -8.522242
               188.10001                      -8.5057007
                   188.2                      -8.4894758
                   188.3                      -8.4735712
               188.39999                      -8.4579872
                   188.5                      -8.4427243
               188.60001                        -8.42778
                   188.7                      -8.4131519
                   188.8                       -8.398832
               188.89999                      -8.3848138
                     189                      -8.3710875
               189.10001                      -8.3576425
                   189.2                      -8.3444654
                   189.3                      -8.3315427
               189.39999                      -8.3188604
                   189.5                       -8.306403
               189.60001                      -8.2941552
                   189.7                      -8.2821016
                   189.8                      -8.2702248
               189.89999                       -8.258508
                     190                      -8.2469304
               190.10001                       -8.235472
                   190.2                      -8.2241074
                   190.3                       -8.212808
               190.39999                      -8.2015396
                   190.5                      -8.1902635
               190.60001                      -8.1789339
                   190.7                      -8.1674961
                   190.8                      -8.1558896
               190.89999                      -8.1440435
                     191                      -8.1318807
               191.10001                      -8.1193125
                   191.2                      -8.1062426
                   191.3                      -8.0925677
               191.39999                       -8.078176
                   191.5                      -8.0629435
               191.60001                      -8.0467425
                   191.7                      -8.0294369
                   191.8                      -8.0108793
               191.89999                       -7.990916
                     192                      -7.9693862
               192.10001                      -7.9461177
                   192.2                      -7.9209293
                   192.3                      -7.8936341
               192.39999                      -7.8640349
                   192.5                       -7.831929
               192.60001                      -7.7971083
                   192.7                      -7.7593658
                   192.8                      -7.7184955
               192.89999                       -7.674299
                     193                      -7.6265919
               193.10001                      -7.5752111
                   193.2                      -7.5200228
                   193.3                      -7.4609247
               193.39999                      -7.3978619
                   193.5                      -7.3308275
               193.60001                      -7.2598714
                   193.7                      -7.1851017
                   193.8                      -7.1066929
               193.89999                      -7.0248791
                     194                      -6.9399574
               194.10001                      -6.8522823
                   194.2                      -6.7622589
                   194.3                      -6.6703362
               194.39999                      -6.5769973
                   194.5                      -6.4827473
               194.60001                      -6.3881064
                   194.7                       -6.293593
                   194.8                      -6.1997199
               194.89999                      -6.1069767
                     195                      -6.0158277
               195.10001                      -5.9266992
                   195.2                      -5.8399773
                   195.3                      -5.7560002
               195.39999                      -5.6750549
                   195.5                      -5.5973784
               195.60001                      -5.5231534
                   195.7                      -5.4525097
                   195.8                      -5.3855323
               195.89999                      -5.3222564
                     196                      -5.2626734
               196.10001                       -5.206737
                   196.2                      -5.1543682
                   196.3                      -5.1054585
               196.39999                      -5.0598746
                   196.5                      -5.0174687
               196.60001                       -4.978076
                   196.7                      -4.9415249
                   196.8                      -4.9076395
               196.89999                      -4.8762432
                     197                      -4.8471623
               197.10001                      -4.8202286
                   197.2                      -4.7952797
                   197.3                      -4.7721627
               197.39999                      -4.7507316
                   197.5                      -4.7308553
               197.60001                      -4.7124055
                   197.7                      -4.6952662
                   197.8                      -4.6793317
               197.89999                      -4.6644984
                     198                      -4.6506738
               198.10001                      -4.6377686
                   198.2                      -4.6257011
                   198.3                      -4.6143925
               198.39999                       -4.603771
                   198.5                      -4.5937662
               198.60001                      -4.5843131
                   198.7                      -4.5753518
                   198.8                      -4.5668286
               198.89999                      -4.5586894
                     199                      -4.5508893
               199.10001                      -4.5433871
                   199.2                      -4.5361459
                   199.3                       -4.529136
               199.39999                      -4.5223287
                   199.5                      -4.5157016
               199.60001                      -4.5092354
                   199.7                      -4.5029135
                   199.8                      -4.4967208
               199.89999                       -4.490647
                     200                       -4.484679

