        Frequency / MHz                S1,1/abs,dB
----------------------------------------------------------------------
                      50                      -1.7261773
               50.099998                      -1.7565398
               50.200001                      -1.7872352
               50.299999                      -1.8182615
               50.400002                      -1.8496158
                    50.5                       -1.881299
               50.599998                      -1.9133081
               50.700001                      -1.9456412
               50.799999                      -1.9782975
               50.900002                      -2.0112746
                      51                      -2.0445719
               51.099998                      -2.0781875
               51.200001                       -2.112119
               51.299999                      -2.1463671
               51.400002                      -2.1809266
                    51.5                      -2.2157973
               51.599998                      -2.2509778
               51.700001                      -2.2864669
               51.799999                      -2.3222604
               51.900002                      -2.3583583
                      52                      -2.3947577
               52.099998                      -2.4314561
               52.200001                      -2.4684516
               52.299999                       -2.505742
               52.400002                      -2.5433234
                    52.5                      -2.5811947
               52.599998                       -2.619351
               52.700001                      -2.6577921
               52.799999                       -2.696512
               52.900002                      -2.7355078
                      53                      -2.7747769
               53.099998                       -2.814314
               53.200001                      -2.8541151
               53.299999                      -2.8941769
               53.400002                      -2.9344933
                    53.5                      -2.9750592
               53.599998                      -3.0158711
               53.700001                      -3.0569204
               53.799999                      -3.0982026
               53.900002                       -3.139712
                      54                      -3.1814419
               54.099998                      -3.2233829
               54.200001                       -3.265531
               54.299999                      -3.3078763
               54.400002                      -3.3504111
                    54.5                      -3.3931274
               54.599998                       -3.436016
               54.700001                      -3.4790682
               54.799999                      -3.5222736
               54.900002                       -3.565623
                      55                      -3.6091064
               55.099998                      -3.6527121
               55.200001                        -3.69643
               55.299999                      -3.7402484
               55.400002                      -3.7841567
                    55.5                      -3.8281422
               55.599998                       -3.872192
               55.700001                      -3.9162948
               55.799999                      -3.9604379
               55.900002                      -4.0046072
                      56                      -4.0487912
               56.099998                      -4.0929754
               56.200001                      -4.1371472
               56.299999                      -4.1812908
               56.400002                       -4.225396
                    56.5                      -4.2694454
               56.599998                      -4.3134268
               56.700001                      -4.3573266
               56.799999                      -4.4011302
               56.900002                       -4.444824
                      57                      -4.4883937
               57.099998                       -4.531826
               57.200001                      -4.5751073
               57.299999                      -4.6182241
               57.400002                      -4.6611629
                    57.5                      -4.7039112
               57.599998                      -4.7464559
               57.700001                      -4.7887837
               57.799999                      -4.8308837
               57.900002                      -4.8727437
                      58                       -4.914352
               58.099998                      -4.9556972
               58.200001                      -4.9967699
               58.299999                      -5.0375575
               58.400002                      -5.0780533
                    58.5                      -5.1182468
               58.599998                      -5.1581286
               58.700001                      -5.1976911
               58.799999                      -5.2369263
               58.900002                       -5.275828
                      59                      -5.3143896
               59.099998                       -5.352605
               59.200001                      -5.3904683
               59.299999                       -5.427975
               59.400002                      -5.4651221
                    59.5                      -5.5019035
               59.599998                      -5.5383193
               59.700001                      -5.5743655
               59.799999                      -5.6100413
               59.900002                      -5.6453451
                      60                      -5.6802757
               60.099998                      -5.7148352
               60.200001                      -5.7490225
               60.299999                       -5.782838
               60.400002                      -5.8162861
                    60.5                      -5.8493664
               60.599998                      -5.8820825
               60.700001                      -5.9144386
               60.799999                      -5.9464373
               60.900002                      -5.9780833
                      61                      -6.0093814
               61.099998                      -6.0403348
               61.200001                      -6.0709517
               61.299999                      -6.1012346
               61.400002                      -6.1311934
                    61.5                      -6.1608317
               61.599998                       -6.190158
               61.700001                      -6.2191785
               61.799999                      -6.2478996
               61.900002                      -6.2763313
                      62                      -6.3044804
               62.099998                       -6.332355
               62.200001                      -6.3599629
               62.299999                      -6.3873143
               62.400002                      -6.4144161
                    62.5                      -6.4412781
               62.599998                      -6.4679097
               62.700001                      -6.4943202
               62.799999                      -6.5205177
               62.900002                      -6.5465139
                      63                      -6.5723161
               63.099998                      -6.5979359
               63.200001                      -6.6233825
               63.299999                      -6.6486655
               63.400002                      -6.6737955
                    63.5                      -6.6987822
               63.599998                      -6.7236363
               63.700001                      -6.7483684
               63.799999                      -6.7729875
               63.900002                      -6.7975047
                      64                      -6.8219312
               64.099998                      -6.8462769
               64.199997                      -6.8705518
               64.300003                      -6.8947681
               64.400002                      -6.9189344
                    64.5                      -6.9430629
               64.599998                      -6.9671643
               64.699997                      -6.9912484
               64.800003                      -7.0153271
               64.900002                      -7.0394102
                      65                      -7.0635086
               65.099998                      -7.0876332
               65.199997                      -7.1117956
               65.300003                      -7.1360052
               65.400002                      -7.1602734
                    65.5                      -7.1846118
               65.599998                      -7.2090293
               65.699997                      -7.2335371
               65.800003                       -7.258147
               65.900002                       -7.282868
                      66                      -7.3077108
               66.099998                      -7.3326861
               66.199997                      -7.3578041
               66.300003                      -7.3830746
               66.400002                      -7.4085074
                    66.5                      -7.4341135
               66.599998                      -7.4599007
               66.699997                      -7.4858802
               66.800003                      -7.5120608
               66.900002                       -7.538451
                      67                      -7.5650609
               67.099998                       -7.591898
               67.199997                       -7.618971
               67.300003                       -7.646289
               67.400002                      -7.6738586
                    67.5                      -7.7016885
               67.599998                       -7.729785
               67.699997                      -7.7581567
               67.800003                      -7.7868087
               67.900002                      -7.8157489
                      68                      -7.8449815
               68.099998                      -7.8745131
               68.199997                      -7.9043497
               68.300003                      -7.9344949
               68.400002                      -7.9649536
                    68.5                      -7.9957301
               68.599998                      -8.0268274
               68.699997                      -8.0582498
               68.800003                      -8.0899988
               68.900002                      -8.1220771
                      69                      -8.1544871
               69.099998                      -8.1872289
               69.199997                       -8.220305
               69.300003                      -8.2537139
               69.400002                      -8.2874566
                    69.5                      -8.3215331
               69.599998                      -8.3559412
               69.699997                      -8.3906802
               69.800003                      -8.4257468
               69.900002                      -8.4611396
                      70                      -8.4968552
               70.099998                      -8.5328902
               70.199997                      -8.5692401
               70.300003                      -8.6059013
               70.400002                      -8.6428669
                    70.5                       -8.680133
               70.599998                      -8.7176944
               70.699997                      -8.7555435
               70.800003                      -8.7936743
               70.900002                      -8.8320781
                      71                      -8.8707482
               71.099998                      -8.9096774
               71.199997                      -8.9488555
               71.300003                      -8.9882758
               71.400002                      -9.0279272
                    71.5                      -9.0678021
               71.599998                      -9.1078884
               71.699997                       -9.148178
               71.800003                      -9.1886596
               71.900002                      -9.2293233
                      72                       -9.270158
               72.099998                      -9.3111528
               72.199997                      -9.3522961
               72.300003                       -9.393577
               72.400002                      -9.4349827
                    72.5                      -9.4765044
               72.599998                      -9.5181283
               72.699997                       -9.559844
               72.800003                      -9.6016383
               72.900002                      -9.6435016
                      73                      -9.6854214
               73.099998                      -9.7273864
               73.199997                      -9.7693849
               73.300003                      -9.8114063
               73.400002                      -9.8534396
                    73.5                      -9.8954742
               73.599998                      -9.9375001
               73.699997                      -9.9795047
               73.800003                      -10.021481
               73.900002                      -10.063419
                      74                      -10.105308
               74.099998                       -10.14714
               74.199997                      -10.188908
               74.300003                      -10.230603
               74.400002                      -10.272217
                    74.5                      -10.313745
               74.599998                       -10.35518
               74.699997                      -10.396516
               74.800003                      -10.437748
               74.900002                      -10.478871
                      75                      -10.519882
               75.099998                      -10.560777
               75.199997                      -10.601555
               75.300003                      -10.642213
               75.400002                       -10.68275
                    75.5                      -10.723165
               75.599998                       -10.76346
               75.699997                      -10.803634
               75.800003                      -10.843689
               75.900002                      -10.883629
                      76                      -10.923456
               76.099998                      -10.963173
               76.199997                      -11.002787
               76.300003                      -11.042302
               76.400002                      -11.081724
                    76.5                      -11.121059
               76.599998                      -11.160318
               76.699997                      -11.199506
               76.800003                      -11.238634
               76.900002                      -11.277709
                      77                      -11.316743
               77.099998                      -11.355747
               77.199997                      -11.394731
               77.300003                      -11.433711
               77.400002                      -11.472695
                    77.5                      -11.511701
               77.599998                      -11.550738
               77.699997                      -11.589826
               77.800003                      -11.628977
               77.900002                      -11.668204
                      78                      -11.707527
               78.099998                      -11.746961
               78.199997                      -11.786523
               78.300003                      -11.826229
               78.400002                      -11.866097
                    78.5                      -11.906147
               78.599998                      -11.946394
               78.699997                      -11.986861
               78.800003                      -12.027562
               78.900002                      -12.068519
                      79                      -12.109752
               79.099998                      -12.151278
               79.199997                      -12.193119
               79.300003                      -12.235295
               79.400002                      -12.277825
                    79.5                       -12.32073
               79.599998                      -12.364031
               79.699997                      -12.407749
               79.800003                      -12.451903
               79.900002                      -12.496515
                      80                      -12.541606
               80.099998                      -12.587198
               80.199997                      -12.633309
               80.300003                      -12.679964
               80.400002                      -12.727182
                    80.5                      -12.774984
               80.599998                      -12.823393
               80.699997                      -12.872428
               80.800003                      -12.922113
               80.900002                      -12.972467
                      81                      -13.023514
               81.099998                      -13.075273
               81.199997                      -13.127766
               81.300003                      -13.181016
               81.400002                      -13.235042
                    81.5                      -13.289868
               81.599998                      -13.345515
               81.699997                      -13.402004
               81.800003                      -13.459357
               81.900002                      -13.517596
                      82                      -13.576743
               82.099998                      -13.636819
               82.199997                      -13.697847
               82.300003                      -13.759848
               82.400002                      -13.822845
                    82.5                      -13.886861
               82.599998                      -13.951917
               82.699997                      -14.018037
               82.800003                      -14.085243
               82.900002                      -14.153557
                      83                      -14.223005
               83.099998                      -14.293607
               83.199997                      -14.365388
               83.300003                      -14.438372
               83.400002                      -14.512583
                    83.5                      -14.588044
               83.599998                      -14.664781
               83.699997                      -14.742817
               83.800003                      -14.822179
               83.900002                       -14.90289
                      84                      -14.984978
               84.099998                      -15.068468
               84.199997                      -15.153385
               84.300003                      -15.239756
               84.400002                      -15.327609
                    84.5                      -15.416971
               84.599998                      -15.507868
               84.699997                      -15.600329
               84.800003                      -15.694382
               84.900002                      -15.790054
                      85                      -15.887376
               85.099998                      -15.986375
               85.199997                      -16.087079
               85.300003                       -16.18952
               85.400002                      -16.293726
                    85.5                      -16.399726
               85.599998                      -16.507549
               85.699997                      -16.617227
               85.800003                      -16.728786
               85.900002                      -16.842256
                      86                      -16.957666
               86.099998                      -17.075044
               86.199997                      -17.194417
               86.300003                      -17.315811
               86.400002                      -17.439253
                    86.5                      -17.564765
               86.599998                      -17.692371
               86.699997                      -17.822092
               86.800003                      -17.953944
               86.900002                      -18.087946
                      87                      -18.224108
               87.099998                      -18.362439
               87.199997                      -18.502947
               87.300003                      -18.645629
               87.400002                       -18.79048
                    87.5                      -18.937489
               87.599998                      -19.086635
               87.699997                      -19.237891
               87.800003                      -19.391219
               87.900002                      -19.546572
                      88                      -19.703887
               88.099998                      -19.863091
               88.199997                      -20.024092
               88.300003                      -20.186783
               88.400002                      -20.351033
                    88.5                      -20.516693
               88.599998                      -20.683586
               88.699997                      -20.851508
               88.800003                      -21.020225
               88.900002                       -21.18947
                      89                      -21.358934
               89.099998                      -21.528275
               89.199997                      -21.697102
               89.300003                       -21.86498
               89.400002                      -22.031424
                    89.5                      -22.195899
               89.599998                      -22.357813
               89.699997                      -22.516524
               89.800003                      -22.671332
               89.900002                      -22.821491
                      90                      -22.966201
               90.099998                      -23.104625
               90.199997                      -23.235887
               90.300003                      -23.359086
               90.400002                      -23.473317
                    90.5                      -23.577674
               90.599998                      -23.671274
               90.699997                      -23.753278
               90.800003                      -23.822908
               90.900002                      -23.879474
                      91                      -23.922382
               91.099998                      -23.951168
               91.199997                      -23.965501
               91.300003                      -23.965198
               91.400002                      -23.950233
                    91.5                      -23.920734
               91.599998                      -23.876977
               91.699997                      -23.819386
               91.800003                      -23.748507
               91.900002                         -23.665
                      92                      -23.569619
               92.099998                      -23.463182
               92.199997                      -23.346561
               92.300003                       -23.22066
               92.400002                      -23.086387
                    92.5                      -22.944653
               92.599998                      -22.796343
               92.699997                      -22.642314
               92.800003                      -22.483383
               92.900002                      -22.320321
                      93                      -22.153846
               93.099998                      -21.984628
               93.199997                      -21.813277
               93.300003                      -21.640352
               93.400002                       -21.46636
                    93.5                      -21.291757
               93.599998                      -21.116952
               93.699997                      -20.942309
               93.800003                      -20.768151
               93.900002                      -20.594761
                      94                      -20.422388
               94.099998                      -20.251252
               94.199997                      -20.081539
               94.300003                      -19.913412
               94.400002                       -19.74701
                    94.5                      -19.582452
               94.599998                      -19.419836
               94.699997                      -19.259246
               94.800003                      -19.100748
               94.900002                      -18.944398
                      95                       -18.79024
               95.099998                      -18.638306
               95.199997                       -18.48862
               95.300003                      -18.341198
               95.400002                       -18.19605
                    95.5                      -18.053179
               95.599998                      -17.912584
               95.699997                      -17.774257
               95.800003                      -17.638189
               95.900002                      -17.504365
                      96                      -17.372769
               96.099998                      -17.243381
               96.199997                      -17.116181
               96.300003                      -16.991145
               96.400002                      -16.868247
                    96.5                      -16.747464
               96.599998                      -16.628766
               96.699997                      -16.512127
               96.800003                      -16.397517
               96.900002                      -16.284908
                      97                      -16.174268
               97.099998                      -16.065571
               97.199997                      -15.958783
               97.300003                      -15.853876
               97.400002                       -15.75082
                    97.5                      -15.649582
               97.599998                      -15.550135
               97.699997                      -15.452447
               97.800003                      -15.356489
               97.900002                      -15.262231
                      98                      -15.169644
               98.099998                      -15.078698
               98.199997                      -14.989366
               98.300003                      -14.901618
               98.400002                      -14.815426
                    98.5                      -14.730762
               98.599998                      -14.647601
               98.699997                      -14.565913
               98.800003                      -14.485673
               98.900002                      -14.406855
                      99                      -14.329433
               99.099998                      -14.253383
               99.199997                      -14.178678
               99.300003                      -14.105297
               99.400002                      -14.033214
                    99.5                      -13.962407
               99.599998                      -13.892854
               99.699997                      -13.824532
               99.800003                       -13.75742
               99.900002                      -13.691497
                     100                      -13.626743
                   100.1                      -13.563138
                   100.2                      -13.500665
                   100.3                      -13.439303
                   100.4                      -13.379036
                   100.5                      -13.319846
                   100.6                      -13.261718
                   100.7                      -13.204634
                   100.8                      -13.148582
                   100.9                      -13.093546
                     101                      -13.039513
                   101.1                      -12.986471
                   101.2                      -12.934407
                   101.3                      -12.883309
                   101.4                      -12.833169
                   101.5                      -12.783974
                   101.6                       -12.73572
                   101.7                      -12.688393
                   101.8                      -12.641991
                   101.9                      -12.596504
                     102                      -12.551928
                   102.1                      -12.508258
                   102.2                      -12.465489
                   102.3                       -12.42362
                   102.4                      -12.382645
                   102.5                      -12.342565
                   102.6                      -12.303379
                   102.7                      -12.265086
                   102.8                      -12.227688
                   102.9                      -12.191184
                     103                       -12.15558
                   103.1                      -12.120877
                   103.2                      -12.087078
                   103.3                      -12.054189
                   103.4                      -12.022214
                   103.5                       -11.99116
                   103.6                      -11.961034
                   103.7                      -11.931842
                   103.8                      -11.903592
                   103.9                      -11.876293
                     104                      -11.849955
                   104.1                      -11.824586
                   104.2                      -11.800199
                   104.3                      -11.776801
                   104.4                      -11.754406
                   104.5                      -11.733024
                   104.6                       -11.71267
                   104.7                      -11.693354
                   104.8                      -11.675091
                   104.9                      -11.657892
                     105                      -11.641773
                   105.1                      -11.626748
                   105.2                       -11.61283
                   105.3                      -11.600034
                   105.4                      -11.588377
                   105.5                      -11.577871
                   105.6                      -11.568534
                   105.7                      -11.560379
                   105.8                      -11.553423
                   105.9                      -11.547682
                     106                       -11.54317
                   106.1                      -11.539905
                   106.2                      -11.537902
                   106.3                      -11.537175
                   106.4                      -11.537744
                   106.5                       -11.53962
                   106.6                      -11.542821
                   106.7                      -11.547363
                   106.8                      -11.553259
                   106.9                      -11.560528
                     107                      -11.569183
                   107.1                      -11.579237
                   107.2                      -11.590709
                   107.3                      -11.603609
                   107.4                      -11.617954
                   107.5                      -11.633758
                   107.6                      -11.651034
                   107.7                      -11.669793
                   107.8                      -11.690051
                   107.9                      -11.711819
                     108                      -11.735108
                   108.1                      -11.759932
                   108.2                      -11.786301
                   108.3                      -11.814225
                   108.4                      -11.843716
                   108.5                      -11.874783
                   108.6                      -11.907433
                   108.7                      -11.941676
                   108.8                       -11.97752
                   108.9                      -12.014973
                     109                      -12.054038
                   109.1                      -12.094724
                   109.2                      -12.137035
                   109.3                      -12.180975
                   109.4                      -12.226547
                   109.5                      -12.273754
                   109.6                      -12.322595
                   109.7                      -12.373073
                   109.8                      -12.425186
                   109.9                      -12.478933
                     110                       -12.53431
                   110.1                      -12.591312
                   110.2                      -12.649935
                   110.3                      -12.710169
                   110.4                      -12.772008
                   110.5                      -12.835442
                   110.6                      -12.900456
                   110.7                       -12.96704
                   110.8                      -13.035176
                   110.9                      -13.104846
                     111                      -13.176032
                   111.1                      -13.248711
                   111.2                      -13.322858
                   111.3                      -13.398447
                   111.4                      -13.475447
                   111.5                      -13.553827
                   111.6                      -13.633552
                   111.7                       -13.71458
                   111.8                      -13.796873
                   111.9                      -13.880383
                     112                      -13.965061
                   112.1                      -14.050853
                   112.2                      -14.137703
                   112.3                      -14.225549
                   112.4                      -14.314324
                   112.5                      -14.403957
                   112.6                      -14.494372
                   112.7                      -14.585486
                   112.8                      -14.677214
                   112.9                      -14.769463
                     113                      -14.862135
                   113.1                      -14.955125
                   113.2                      -15.048322
                   113.3                       -15.14161
                   113.4                      -15.234866
                   113.5                      -15.327959
                   113.6                      -15.420754
                   113.7                      -15.513107
                   113.8                      -15.604869
                   113.9                      -15.695884
                     114                      -15.785992
                   114.1                      -15.875024
                   114.2                      -15.962806
                   114.3                      -16.049161
                   114.4                      -16.133907
                   114.5                      -16.216856
                   114.6                      -16.297817
                   114.7                      -16.376599
                   114.8                      -16.453009
                   114.9                       -16.52685
                     115                      -16.597931
                   115.1                       -16.66606
                   115.2                      -16.731048
                   115.3                      -16.792713
                   115.4                      -16.850874
                   115.5                      -16.905364
                   115.6                      -16.956021
                   115.7                      -17.002692
                   115.8                      -17.045239
                   115.9                      -17.083537
                     116                      -17.117472
                   116.1                      -17.146947
                   116.2                      -17.171883
                   116.3                      -17.192214
                   116.4                      -17.207897
                   116.5                      -17.218901
                   116.6                      -17.225218
                   116.7                      -17.226854
                   116.8                      -17.223839
                   116.9                      -17.216211
                     117                      -17.204035
                   117.1                      -17.187383
                   117.2                      -17.166349
                   117.3                      -17.141035
                   117.4                      -17.111559
                   117.5                      -17.078049
                   117.6                      -17.040644
                   117.7                      -16.999489
                   117.8                      -16.954739
                   117.9                      -16.906551
                     118                      -16.855087
                   118.1                      -16.800515
                   118.2                      -16.743001
                   118.3                      -16.682713
                   118.4                      -16.619819
                   118.5                      -16.554482
                   118.6                      -16.486867
                   118.7                      -16.417132
                   118.8                      -16.345434
                   118.9                      -16.271922
                     119                      -16.196744
                   119.1                       -16.12004
                   119.2                      -16.041945
                   119.3                      -15.962588
                   119.4                      -15.882092
                   119.5                      -15.800575
                   119.6                      -15.718147
                   119.7                      -15.634914
                   119.8                      -15.550974
                   119.9                       -15.46642
                     120                       -15.38134
                   120.1                      -15.295815
                   120.2                      -15.209921
                   120.3                       -15.12373
                   120.4                      -15.037308
                   120.5                      -14.950715
                   120.6                       -14.86401
                   120.7                      -14.777244
                   120.8                      -14.690464
                   120.9                      -14.603718
                     121                      -14.517046
                   121.1                      -14.430485
                   121.2                      -14.344068
                   121.3                      -14.257829
                   121.4                      -14.171797
                   121.5                      -14.085996
                   121.6                      -14.000452
                   121.7                      -13.915185
                   121.8                      -13.830216
                   121.9                      -13.745562
                     122                       -13.66124
                   122.1                      -13.577263
                   122.2                      -13.493645
                   122.3                      -13.410398
                   122.4                      -13.327531
                   122.5                      -13.245056
                   122.6                      -13.162979
                   122.7                       -13.08131
                   122.8                      -13.000053
                   122.9                      -12.919217
                     123                      -12.838805
                   123.1                      -12.758822
                   123.2                      -12.679273
                   123.3                      -12.600162
                   123.4                      -12.521492
                   123.5                      -12.443264
                   123.6                      -12.365483
                   123.7                      -12.288151
                   123.8                      -12.211268
                   123.9                      -12.134838
                     124                      -12.058861
                   124.1                      -11.983338
                   124.2                      -11.908271
                   124.3                       -11.83366
                   124.4                      -11.759505
                   124.5                      -11.685809
                   124.6                       -11.61257
                   124.7                       -11.53979
                   124.8                      -11.467467
                   124.9                      -11.395602
                     125                      -11.324196
                   125.1                      -11.253248
                   125.2                      -11.182757
                   125.3                      -11.112722
                   125.4                      -11.043145
                   125.5                      -10.974023
                   125.6                      -10.905357
                   125.7                      -10.837144
                   125.8                      -10.769386
                   125.9                      -10.702079
                     126                      -10.635226
                   126.1                      -10.568822
                   126.2                      -10.502868
                   126.3                      -10.437363
                   126.4                      -10.372305
                   126.5                      -10.307694
                   126.6                      -10.243529
                   126.7                      -10.179808
                   126.8                      -10.116531
                   126.9                      -10.053696
                     127                      -9.9913032
                   127.1                      -9.9293513
                   127.2                      -9.8678391
                   127.3                      -9.8067672
                   127.4                      -9.7461346
                   127.5                      -9.6859425
                   127.6                      -9.6261884
                   127.7                      -9.5668742
                   127.8                      -9.5080006
                   127.9                      -9.4495674
                     128                      -9.3915757
               128.10001                      -9.3340271
                   128.2                      -9.2769231
                   128.3                      -9.2202654
               128.39999                      -9.1640576
                   128.5                      -9.1083005
               128.60001                      -9.0529992
                   128.7                      -8.9981558
                   128.8                      -8.9437743
               128.89999                      -8.8898597
                     129                      -8.8364166
               129.10001                      -8.7834511
                   129.2                      -8.7309675
                   129.3                      -8.6789734
               129.39999                      -8.6274756
                   129.5                      -8.5764816
               129.60001                      -8.5259989
                   129.7                      -8.4760358
                   129.8                      -8.4266014
               129.89999                      -8.3777068
                     130                      -8.3293588
               130.10001                      -8.2815713
                   130.2                      -8.2343544
                   130.3                      -8.1877188
               130.39999                      -8.1416766
                   130.5                      -8.0962413
               130.60001                      -8.0514252
                   130.7                      -8.0072427
                   130.8                      -7.9637067
               130.89999                      -7.9208323
                     131                      -7.8786337
               131.10001                      -7.8371264
                   131.2                      -7.7963258
                   131.3                      -7.7562464
               131.39999                      -7.7169062
                   131.5                      -7.6783199
               131.60001                      -7.6405057
                   131.7                      -7.6034785
                   131.8                      -7.5672552
               131.89999                      -7.5318536
                     132                      -7.4972913
               132.10001                      -7.4635833
                   132.2                      -7.4307485
                   132.3                      -7.3988024
               132.39999                      -7.3677628
                   132.5                      -7.3376469
               132.60001                      -7.3084706
                   132.7                      -7.2802502
                   132.8                      -7.2530021
               132.89999                      -7.2267422
                     133                      -7.2014862
               133.10001                      -7.1772497
                   133.2                      -7.1540464
                   133.3                      -7.1318919
               133.39999                      -7.1107993
                   133.5                      -7.0907819
               133.60001                      -7.0718528
                   133.7                      -7.0540241
                   133.8                      -7.0373072
               133.89999                      -7.0217135
                     134                       -7.007251
               134.10001                      -6.9939315
                   134.2                      -6.9817617
                   134.3                      -6.9707497
               134.39999                      -6.9609025
                   134.5                      -6.9522255
               134.60001                      -6.9447232
                   134.7                      -6.9383996
                   134.8                      -6.9332586
               134.89999                      -6.9292997
                     135                      -6.9265242
               135.10001                      -6.9249322
                   135.2                      -6.9245204
                   135.3                      -6.9252864
               135.39999                      -6.9272267
                   135.5                       -6.930335
               135.60001                      -6.9346029
                   135.7                      -6.9400242
                   135.8                      -6.9465872
               135.89999                      -6.9542826
                     136                      -6.9630964
               136.10001                      -6.9730153
                   136.2                      -6.9840235
                   136.3                      -6.9961038
               136.39999                      -7.0092383
                   136.5                      -7.0234062
               136.60001                      -7.0385861
                   136.7                      -7.0547561
                   136.8                      -7.0718886
               136.89999                      -7.0899604
                     137                      -7.1089424
               137.10001                      -7.1288062
                   137.2                      -7.1495187
                   137.3                      -7.1710505
               137.39999                      -7.1933657
                   137.5                      -7.2164306
               137.60001                       -7.240207
                   137.7                       -7.264659
                   137.8                      -7.2897469
               137.89999                      -7.3154285
                     138                      -7.3416637
               138.10001                      -7.3684104
                   138.2                      -7.3956239
                   138.3                      -7.4232593
               138.39999                      -7.4512716
                   138.5                      -7.4796145
               138.60001                      -7.5082413
                   138.7                      -7.5371054
                   138.8                      -7.5661575
               138.89999                      -7.5953508
                     139                      -7.6246375
               139.10001                      -7.6539694
                   139.2                      -7.6832981
                   139.3                      -7.7125774
               139.39999                      -7.7417593
                   139.5                      -7.7707988
               139.60001                      -7.7996486
                   139.7                      -7.8282662
                   139.8                      -7.8566066
               139.89999                      -7.8846295
                     140                      -7.9122932
               140.10001                      -7.9395599
                   140.2                      -7.9663908
                   140.3                      -7.9927528
               140.39999                      -8.0186107
                   140.5                      -8.0439341
               140.60001                      -8.0686946
                   140.7                       -8.092866
                   140.8                      -8.1164226
               140.89999                      -8.1393448
                     141                      -8.1616116
               141.10001                      -8.1832085
                   141.2                      -8.2041198
                   141.3                      -8.2243367
               141.39999                      -8.2438486
                   141.5                      -8.2626501
               141.60001                      -8.2807378
                   141.7                      -8.2981116
                   141.8                      -8.3147718
               141.89999                      -8.3307225
                     142                      -8.3459723
               142.10001                       -8.360526
                   142.2                      -8.3743965
                   142.3                       -8.387595
               142.39999                      -8.4001367
                   142.5                      -8.4120372
               142.60001                      -8.4233135
                   142.7                      -8.4339836
                   142.8                      -8.4440687
               142.89999                      -8.4535889
                     143                       -8.462567
               143.10001                      -8.4710248
                   143.2                      -8.4789847
                   143.3                      -8.4864735
               143.39999                      -8.4935122
                   143.5                      -8.5001266
               143.60001                      -8.5063402
                   143.7                      -8.5121771
                   143.8                      -8.5176616
               143.89999                      -8.5228184
                     144                      -8.5276697
               144.10001                      -8.5322387
                   144.2                      -8.5365476
                   144.3                       -8.540619
               144.39999                      -8.5444733
                   144.5                      -8.5481307
               144.60001                      -8.5516116
                   144.7                      -8.5549349
                   144.8                      -8.5581178
               144.89999                      -8.5611779
                     145                      -8.5641316
               145.10001                      -8.5669955
                   145.2                      -8.5697836
                   145.3                      -8.5725096
               145.39999                      -8.5751883
                   145.5                      -8.5778298
               145.60001                       -8.580448
                   145.7                      -8.5830527
                   145.8                      -8.5856552
               145.89999                      -8.5882654
                     146                      -8.5908922
               146.10001                      -8.5935439
                   146.2                      -8.5962287
                   146.3                      -8.5989543
               146.39999                      -8.6017292
                   146.5                       -8.604558
               146.60001                      -8.6074488
                   146.7                       -8.610407
                   146.8                      -8.6134376
               146.89999                      -8.6165469
                     147                      -8.6197388
               147.10001                      -8.6230192
                   147.2                      -8.6263912
                   147.3                      -8.6298574
               147.39999                      -8.6334237
                   147.5                      -8.6370924
               147.60001                      -8.6408656
                   147.7                      -8.6447451
                   147.8                      -8.6487327
               147.89999                      -8.6528297
                     148                      -8.6570356
               148.10001                      -8.6613495
                   148.2                      -8.6657719
                   148.3                      -8.6702983
               148.39999                      -8.6749274
                   148.5                      -8.6796549
               148.60001                      -8.6844743
                   148.7                      -8.6893792
                   148.8                      -8.6943638
               148.89999                       -8.699416
                     149                      -8.7045265
               149.10001                       -8.709683
                   149.2                      -8.7148708
                   149.3                      -8.7200744
               149.39999                      -8.7252765
                   149.5                      -8.7304568
               149.60001                      -8.7355947
                   149.7                      -8.7406661
                   149.8                      -8.7456451
               149.89999                      -8.7505027
                     150                      -8.7552113

