        Frequency / MHz                S1,1/arg,degrees
----------------------------------------------------------------------
                      50                      -126.03703
               50.099998                      -126.67166
               50.200001                      -127.30991
               50.299999                      -127.95249
               50.400002                      -128.60027
                    50.5                      -129.25419
               50.599998                      -129.91508
               50.700001                      -130.58357
               50.799999                      -131.25992
               50.900002                      -131.94412
                      51                      -132.63581
               51.099998                      -133.33439
               51.200001                      -134.03916
               51.299999                      -134.74938
               51.400002                      -135.46448
                    51.5                      -136.18414
               51.599998                      -136.90833
               51.700001                      -137.63732
               51.799999                      -138.37168
               51.900002                       -139.1122
                      52                       -139.8597
               52.099998                      -140.61497
               52.200001                      -141.37865
               52.299999                      -142.15111
               52.400002                      -142.93249
                    52.5                      -143.72257
               52.599998                      -144.52089
               52.700001                      -145.32692
               52.799999                         -146.14
               52.900002                      -146.95961
                      53                      -147.78537
               53.099998                      -148.61719
               53.200001                      -149.45521
               53.299999                      -150.29989
               53.400002                       -151.1518
                    53.5                      -152.01176
               53.599998                       -152.8805
               53.700001                      -153.75863
               53.799999                      -154.64663
               53.900002                      -155.54473
                      54                      -156.45288
               54.099998                      -157.37079
               54.200001                      -158.29799
               54.299999                      -159.23398
               54.400002                      -160.17821
                    54.5                      -161.13033
               54.599998                      -162.09012
               54.700001                      -163.05763
               54.799999                      -164.03313
               54.900002                       -165.0171
                      55                      -166.01021
               55.099998                      -167.01309
               55.200001                      -168.02639
               55.299999                       -169.0506
               55.400002                      -170.08604
                    55.5                      -171.13278
               55.599998                      -172.19066
               55.700001                      -173.25934
               55.799999                      -174.33837
               55.900002                      -175.42725
                      56                      -176.52557
               56.099998                      -177.63305
               56.200001                      -178.74955
               56.299999                      -179.87521
               56.400002                       178.98968
                    56.5                       177.84466
               56.599998                       176.68915
               56.700001                        175.5226
               56.799999                       174.34451
               56.900002                       173.15457
                      57                       171.95261
               57.099998                       170.73868
               57.200001                       169.51304
               57.299999                       168.27611
               57.400002                       167.02836
                    57.5                       165.77024
               57.599998                       164.50218
               57.700001                       163.22446
               57.799999                       161.93717
               57.900002                       160.64024
                      58                       159.33342
               58.099998                       158.01634
               58.200001                       156.68858
               58.299999                       155.34978
               58.400002                       153.99953
                    58.5                       152.63773
               58.599998                       151.26439
               58.700001                       149.87974
               58.799999                       148.48412
               58.900002                       147.07799
                      59                       145.66194
               59.099998                       144.23649
               59.200001                       142.80214
               59.299999                       141.35918
               59.400002                       139.90782
                    59.5                       138.44804
               59.599998                       136.97979
               59.700001                        135.5028
               59.799999                       134.01683
               59.900002                       132.52168
                      60                       131.01722
               60.099998                       129.50343
               60.200001                       127.98057
               60.299999                       126.44893
               60.400002                       124.90901
                    60.5                       123.36137
               60.599998                       121.80668
               60.700001                       120.24559
               60.799999                       118.67858
               60.900002                       117.10607
                      61                        115.5284
               61.099998                       113.94563
               61.200001                        112.3578
               61.299999                       110.76485
               61.400002                       109.16664
                    61.5                       107.56309
               61.599998                       105.95424
               61.700001                        104.3402
               61.799999                       102.72124
               61.900002                        101.0977
                      62                       99.470259
               62.099998                       97.839461
               62.200001                       96.205981
               62.299999                       94.570478
               62.400002                       92.933398
                    62.5                       91.295273
               62.599998                       89.656294
               62.700001                       88.016768
               62.799999                       86.376574
               62.900002                       84.735702
                      63                       83.094039
               63.099998                       81.451584
               63.200001                       79.808335
               63.299999                       78.164288
               63.400002                       76.519819
                    63.5                        74.87517
               63.599998                       73.230795
               63.700001                       71.587295
               63.799999                       69.945181
               63.900002                       68.304972
                      64                       66.667093
               64.099998                       65.031865
               64.199997                       63.399447
               64.300003                       61.769896
               64.400002                       60.143122
                    64.5                       58.518966
               64.599998                       56.897226
               64.699997                       55.277702
               64.800003                       53.660275
               64.900002                       52.044905
                      65                        50.43167
               65.099998                       48.820752
               65.199997                       47.212444
               65.300003                       45.607084
               65.400002                       44.005027
                    65.5                       42.406588
               65.599998                       40.812005
               65.699997                       39.221412
               65.800003                       37.634801
               65.900002                       36.052025
                      66                       34.472833
               66.099998                       32.896892
               66.199997                       31.323839
               66.300003                       29.753322
               66.400002                        28.18504
                    66.5                       26.618791
               66.599998                       25.054482
               66.699997                       23.492117
               66.800003                       21.931804
               66.900002                       20.373688
                      67                       18.817942
               67.099998                       17.264695
               67.199997                       15.714005
               67.300003                       14.165814
               67.400002                        12.61994
                    67.5                        11.07608
               67.599998                       9.5338253
               67.699997                       7.9926934
               67.800003                       6.4521745
               67.900002                       4.9117794
                      68                       3.3710782
               68.099998                       1.8297328
               68.199997                      0.28751491
               68.300003                      -1.2556973
               68.400002                      -2.7999376
                    68.5                      -4.3451849
               68.599998                      -5.8914035
               68.699997                      -7.4385955
               68.800003                      -8.9868309
               68.900002                      -10.536288
                      69                      -12.087261
               69.099998                      -13.640165
               69.199997                      -15.195511
               69.300003                      -16.753873
               69.400002                      -18.315844
                    69.5                      -19.881998
               69.599998                      -21.452832
               69.699997                      -23.028752
               69.800003                      -24.610044
               69.900002                      -26.196879
                      70                      -27.789347
               70.099998                      -29.387456
               70.199997                      -30.991212
               70.300003                      -32.600639
               70.400002                       -34.21582
                    70.5                       -35.83695
               70.599998                      -37.464339
               70.699997                      -39.098394
               70.800003                      -40.739628
               70.900002                      -42.388609
                      71                      -44.045915
               71.099998                       -45.71211
               71.199997                      -47.387658
               71.300003                      -49.072925
               71.400002                      -50.768154
                    71.5                      -52.473437
               71.599998                       -54.18878
               71.699997                        -55.9141
               71.800003                      -57.649276
               71.900002                      -59.394211
                      72                      -61.148889
               72.099998                      -62.913371
               72.199997                      -64.687881
               72.300003                      -66.472774
               72.400002                       -68.26852
                    72.5                      -70.075698
               72.599998                      -71.894966
               72.699997                      -73.726961
               72.800003                      -75.572293
               72.900002                      -77.431538
                      73                      -79.305142
               73.099998                      -81.193498
               73.199997                      -83.096921
               73.300003                       -85.01574
               73.400002                      -86.950357
                    73.5                      -88.901332
               73.599998                      -90.869479
               73.699997                      -92.856019
               73.800003                      -94.862612
               73.900002                        -96.8915
                      74                      -98.945596
               74.099998                      -101.02855
               74.199997                      -103.14485
               74.300003                      -105.29997
               74.400002                       -107.5005
                    74.5                      -109.75443
               74.599998                      -112.07149
               74.699997                      -114.46375
               74.800003                      -116.94639
               74.900002                      -119.53896
                      75                      -122.26709
               75.099998                       -125.1651
               75.199997                      -128.27996
               75.300003                       -131.6772
               75.400002                       -135.4504
                    75.5                       -139.7361
               75.599998                      -144.73864
               75.699997                      -150.76994
               75.800003                      -158.31163
               75.900002                      -168.08919
                      76                        178.9348
               76.099998                       162.01179
               76.199997                       141.97389
               76.300003                       122.05659
               76.400002                       105.39385
                    76.5                        92.68287
               76.599998                       83.135687
               76.699997                       75.799462
               76.800003                       69.965607
               76.900002                       65.165649
                      77                       61.096278
               77.099998                       57.558759
               77.199997                       54.419576
               77.300003                       51.586906
               77.400002                       48.995507
                    77.5                       46.597864
               77.599998                        44.35849
               77.699997                       42.250012
               77.800003                       40.251002
               77.900002                       38.344454
                      78                       36.516504
               78.099998                       34.756064
               78.199997                       33.054171
               78.300003                       31.403751
               78.400002                       29.799258
                    78.5                       28.236592
               78.599998                       26.712749
               78.699997                       25.225574
               78.800003                       23.773611
               78.900002                       22.355717
                      79                       20.970965
               79.099998                       19.618452
               79.199997                       18.296947
               79.300003                       17.005003
               79.400002                       15.740872
                    79.5                       14.502448
               79.599998                       13.287384
               79.699997                       12.093222
               79.800003                       10.917446
               79.900002                         9.75779
                      80                       8.6121484
               80.099998                       7.4788553
               80.199997                       6.3566014
               80.300003                       5.2445372
               80.400002                       4.1423086
                    80.5                       3.0497788
               80.599998                       1.9670845
               80.699997                      0.89449889
               80.800003                     -0.16759554
               80.900002                      -1.2190074
                      81                      -2.2594911
               81.099998                      -3.2891559
               81.199997                      -4.3081384
               81.300003                      -5.3167928
               81.400002                      -6.3155856
                    81.5                      -7.3049792
               81.599998                      -8.2855484
               81.699997                      -9.2577307
               81.800003                       -10.22188
               81.900002                      -11.178379
                      82                      -12.127339
               82.099998                      -13.069004
               82.199997                      -14.003428
               82.300003                      -14.930695
               82.400002                      -15.850994
                    82.5                      -16.764435
               82.599998                      -17.671294
               82.699997                      -18.571923
               82.800003                      -19.466652
               82.900002                      -20.355831
                      83                      -21.239903
               83.099998                      -22.119143
               83.199997                      -22.993816
               83.300003                      -23.864173
               83.400002                      -24.730267
                    83.5                      -25.592153
               83.599998                      -26.449863
               83.699997                      -27.303338
               83.800003                      -28.152656
               83.900002                      -28.997797
                      84                      -29.838922
               84.099998                      -30.676222
               84.199997                       -31.50983
               84.300003                      -32.340273
               84.400002                      -33.167599
                    84.5                      -33.992305
               84.599998                      -34.814632
               84.699997                      -35.634774
               84.800003                      -36.452812
               84.900002                      -37.268856
                      85                       -38.08296
               85.099998                       -38.89496
               85.199997                      -39.704773
               85.300003                      -40.512404
               85.400002                       -41.31782
                    85.5                      -42.121022
               85.599998                      -42.922312
               85.699997                      -43.721746
               85.800003                      -44.519592
               85.900002                        -45.3161
                      86                      -46.111654
               86.099998                      -46.906471
               86.199997                      -47.700713
               86.300003                      -48.494544
               86.400002                      -49.287964
                    86.5                      -50.080953
               86.599998                      -50.873445
               86.699997                       -51.66534
               86.800003                      -52.456545
               86.900002                      -53.247016
                      87                      -54.036726
               87.099998                      -54.825747
               87.199997                      -55.614307
               87.300003                      -56.402594
               87.400002                      -57.190877
                    87.5                      -57.979466
               87.599998                      -58.768541
               87.699997                      -59.558356
               87.800003                       -60.34905
               87.900002                      -61.140667
                      88                       -61.93316
               88.099998                      -62.726472
               88.199997                      -63.520496
               88.300003                      -64.315119
               88.400002                      -65.110291
                    88.5                      -65.905925
               88.599998                      -66.702108
               88.699997                      -67.498998
               88.800003                      -68.296766
               88.900002                       -69.09568
                      89                      -69.896014
               89.099998                      -70.698097
               89.199997                      -71.502119
               89.300003                      -72.308189
               89.400002                      -73.116531
                    89.5                      -73.927055
               89.599998                      -74.739711
               89.699997                      -75.554443
               89.800003                      -76.371115
               89.900002                      -77.189672
                      90                      -78.010032
               90.099998                      -78.832305
               90.199997                      -79.656518
               90.300003                      -80.482997
               90.400002                      -81.311882
                    90.5                      -82.143581
               90.599998                      -82.978366
               90.699997                      -83.816567
               90.800003                      -84.658319
               90.900002                      -85.503843
                      91                      -86.353218
               91.099998                      -87.206417
               91.199997                      -88.063415
               91.300003                      -88.924101
               91.400002                       -89.78842
                    91.5                      -90.656373
               91.599998                      -91.527987
               91.699997                      -92.403399
               91.800003                      -93.282854
               91.900002                      -94.166626
                      92                      -95.055097
               92.099998                      -95.948595
               92.199997                       -96.84753
               92.300003                      -97.752257
               92.400002                       -98.66294
                    92.5                       -99.57977
               92.599998                      -100.50288
               92.699997                      -101.43223
               92.800003                      -102.36785
               92.900002                      -103.30965
                      93                      -104.25774
               93.099998                      -105.21216
               93.199997                      -106.17298
               93.300003                      -107.14057
               93.400002                      -108.11521
                    93.5                      -109.09734
               93.599998                      -110.08733
               93.699997                      -111.08569
               93.800003                      -112.09279
               93.900002                      -113.10906
                      94                      -114.13468
               94.099998                      -115.16987
               94.199997                      -116.21472
               94.300003                      -117.26925
               94.400002                       -118.3335
                    94.5                      -119.40748
               94.599998                      -120.49135
               94.699997                      -121.58511
               94.800003                      -122.68903
               94.900002                       -123.8035
                      95                      -124.92884
               95.099998                       -126.0656
               95.199997                      -127.21417
               95.300003                      -128.37508
               95.400002                      -129.54856
                    95.5                      -130.73516
               95.599998                      -131.93492
               95.699997                      -133.14802
               95.800003                       -134.3745
               95.900002                      -135.61426
                      96                      -136.86747
               96.099998                      -138.13389
               96.199997                       -139.4136
               96.300003                       -140.7068
               96.400002                      -142.01355
                    96.5                      -143.33418
               96.599998                      -144.66902
               96.699997                      -146.01845
               96.800003                      -147.38273
               96.900002                      -148.76232
                      97                      -150.15743
               97.099998                      -151.56811
               97.199997                      -152.99436
               97.300003                      -154.43635
               97.400002                      -155.89364
                    97.5                      -157.36607
               97.599998                      -158.85352
               97.699997                      -160.35561
               97.800003                      -161.87213
               97.900002                      -163.40308
                      98                      -164.94845
               98.099998                      -166.50814
               98.199997                      -168.08225
               98.300003                      -169.67095
               98.400002                       -171.2743
                    98.5                      -172.89234
               98.599998                      -174.52503
               98.699997                      -176.17204
               98.800003                      -177.83319
               98.900002                      -179.50812
                      99                       178.80384
               99.099998                       177.10307
               99.199997                       175.39033
               99.300003                       173.66601
               99.400002                       171.93081
                    99.5                       170.18502
               99.599998                       168.42906
               99.699997                       166.66326
               99.800003                        164.8879
               99.900002                       163.10304
                     100                       161.30899
                   100.1                       159.50615
                   100.2                       157.69478
                   100.3                       155.87528
                   100.4                        154.0484
                   100.5                       152.21473
                   100.6                       150.37501
                   100.7                       148.53009
                   100.8                       146.68075
                   100.9                        144.8278
                     101                       142.97196
                   101.1                       141.11382
                   101.2                       139.25393
                   101.3                       137.39262
                   101.4                       135.53038
                   101.5                       133.66749
                   101.6                       131.80422
                   101.7                       129.94077
                   101.8                       128.07777
                   101.9                       126.21554
                     102                       124.35461
                   102.1                        122.4956
                   102.2                       120.63926
                   102.3                       118.78631
                   102.4                       116.93746
                   102.5                        115.0932
                   102.6                       113.25435
                   102.7                       111.42118
                   102.8                       109.59419
                   102.9                       107.77348
                     103                       105.95944
                   103.1                       104.15184
                   103.2                       102.35102
                   103.3                       100.55687
                   103.4                       98.769652
                   103.5                       96.989486
                   103.6                       95.216751
                   103.7                       93.451666
                   103.8                       91.694614
                   103.9                       89.946249
                     104                       88.206791
                   104.1                       86.476732
                   104.2                       84.756344
                   104.3                         83.0459
                   104.4                       81.345347
                   104.5                       79.654793
                   104.6                        77.97413
                   104.7                       76.303083
                   104.8                       74.641599
                   104.9                       72.989404
                     105                       71.346387
                   105.1                       69.712551
                   105.2                       68.087895
                   105.3                       66.472529
                   105.4                       64.866722
                   105.5                       63.270589
                   105.6                       61.684403
                   105.7                       60.108377
                   105.8                       58.542679
                   105.9                       56.987252
                     106                       55.441992
                   106.1                       53.906782
                   106.2                       52.381301
                   106.3                       50.865218
                   106.4                       49.358154
                   106.5                       47.859826
                   106.6                       46.369915
                   106.7                       44.888257
                   106.8                       43.414797
                   106.9                       41.949527
                     107                       40.492565
                   107.1                       39.044019
                   107.2                       37.603945
                   107.3                       36.172608
                   107.4                       34.749959
                   107.5                       33.335894
                   107.6                        31.93024
                   107.7                       30.532784
                   107.8                       29.143087
                   107.9                       27.760654
                     108                       26.385275
                   108.1                       25.016286
                   108.2                       23.653582
                   108.3                       22.296778
                   108.4                       20.945821
                   108.5                       19.600765
                   108.6                       18.261667
                   108.7                       16.928575
                   108.8                       15.601771
                   108.9                        14.28125
                     109                       12.967122
                   109.1                       11.659168
                   109.2                       10.357224
                   109.3                       9.0610183
                   109.4                       7.7701676
                   109.5                       6.4840151
                   109.6                       5.2022893
                   109.7                       3.9245521
                   109.8                       2.6505305
                   109.9                        1.380006
                     110                      0.11297862
                   110.1                       -1.150497
                   110.2                      -2.4102026
                   110.3                      -3.6658096
                   110.4                      -4.9172095
                   110.5                      -6.1641836
                   110.6                      -7.4065125
                   110.7                      -8.6443081
                   110.8                      -9.8776214
                   110.9                      -11.106837
                     111                      -12.332226
                   111.1                      -13.554121
                   111.2                      -14.773008
                   111.3                      -15.989001
                   111.4                      -17.202315
                   111.5                      -18.412844
                   111.6                      -19.620312
                   111.7                      -20.824285
                   111.8                      -22.024212
                   111.9                       -23.21955
                     112                      -24.409531
                   112.1                      -25.593613
                   112.2                      -26.771247
                   112.3                      -27.942159
                   112.4                      -29.105969
                   112.5                      -30.262677
                   112.6                      -31.412008
                   112.7                      -32.554068
                   112.8                       -33.68848
                   112.9                      -34.814916
                     113                       -35.93288
                   113.1                      -37.041282
                   113.2                      -38.138811
                   113.3                      -39.223992
                   113.4                      -40.294914
                   113.5                      -41.349711
                   113.6                      -42.386099
                   113.7                      -43.402213
                   113.8                      -44.395649
                   113.9                      -45.364497
                     114                        -46.3069
                   114.1                      -47.220559
                   114.2                      -48.103675
                   114.3                      -48.953788
                   114.4                      -49.768275
                   114.5                      -50.543803
                   114.6                      -51.276491
                   114.7                      -51.961477
                   114.8                       -52.59324
                   114.9                      -53.165337
                     115                       -53.67039
                   115.1                      -54.100418
                   115.2                      -54.446573
                   115.3                      -54.699889
                   115.4                      -54.850591
                   115.5                       -54.88873
                   115.6                      -54.803926
                   115.7                       -54.58547
                   115.8                      -54.221612
                   115.9                      -53.700335
                     116                      -53.008189
                   116.1                      -52.131305
                   116.2                      -51.054756
                   116.3                      -49.763851
                   116.4                      -48.244704
                   116.5                      -46.486285
                   116.6                      -44.482258
                   116.7                      -42.233539
                   116.8                        -39.7509
                   116.9                      -37.056965
                     117                      -34.186592
                   117.1                      -31.186445
                   117.2                      -28.111877
                   117.3                      -25.022392
                   117.4                      -21.976509
                   117.5                      -19.027015
                   117.6                      -16.217566
                   117.7                      -13.581059
                   117.8                      -11.139511
                   117.9                      -8.9057672
                     118                      -6.8850146
                   118.1                      -5.0769271
                   118.2                      -3.4771872
                   118.3                      -2.0788017
                   118.4                     -0.87269967
                   118.5                      0.15171946
                   118.6                       1.0065313
                   118.7                       1.7045765
                   118.8                       2.2596796
                   118.9                       2.6862114
                     119                       2.9983784
                   119.1                       3.2099505
                   119.2                       3.3339319
                   119.3                       3.3820164
                   119.4                       3.3642032
                   119.5                       3.2886341
                   119.6                       3.1619752
                   119.7                       2.9889256
                   119.8                       2.7732009
                   119.9                       2.5174782
                     120                       2.2238895
                   120.1                       1.8947837
                   120.2                       1.5326198
                   120.3                       1.1405123
                   120.4                      0.72212215
                   120.5                      0.28160233
                   120.6                     -0.17645749
                   120.7                     -0.64768593
                   120.8                      -1.1279848
                   120.9                      -1.6139117
                     121                      -2.1028439
                   121.1                      -2.5934702
                   121.2                      -3.0852437
                   121.3                      -3.5787114
                   121.4                       -4.074747
                   121.5                      -4.5747167
                   121.6                      -5.0795498
                   121.7                      -5.5896824
                   121.8                      -6.1047889
                   121.9                      -6.6237191
                     122                      -7.1441248
                   122.1                      -7.6632734
                   122.2                      -8.1779417
                   122.3                      -8.6847962
                   122.4                      -9.1812694
                   122.5                      -9.6652289
                   122.6                      -10.135802
                   122.7                      -10.593207
                   122.8                       -11.03859
                   122.9                      -11.473808
                     123                      -11.901105
                   123.1                      -12.322446
                   123.2                      -12.739142
                   123.3                      -13.151414
                   123.4                      -13.558164
                   123.5                      -13.957047
                   123.6                      -14.344455
                   123.7                      -14.716182
                   123.8                      -15.067745
                   123.9                      -15.394939
                     124                      -15.694646
                   124.1                      -15.964797
                   124.2                      -16.204998
                   124.3                      -16.416406
                   124.4                      -16.600877
                   124.5                      -16.761032
                   124.6                      -16.899055
                   124.7                      -17.015988
                   124.8                      -17.111229
                   124.9                      -17.181771
                     125                      -17.222533
                   125.1                      -17.226249
                   125.2                      -17.184284
                   125.3                      -17.087513
                   125.4                      -16.927578
                   125.5                      -16.697428
                   125.6                      -16.392966
                   125.7                      -16.012823
                   125.8                      -15.558863
                   125.9                      -15.035015
                     126                      -14.447017
                   126.1                      -13.800007
                   126.2                      -13.097864
                   126.3                      -12.342227
                   126.4                      -11.532221
                   126.5                      -10.665388
                   126.6                      -9.7400882
                   126.7                      -8.7581258
                   126.8                      -7.7281333
                   126.9                      -6.6693994
                     127                      -5.6129601
                   127.1                      -4.6023652
                   127.2                      -3.6902891
                   127.3                      -2.9341053
                   127.4                      -2.3888923
                   127.5                      -2.1017513
                   127.6                      -2.1065052
                   127.7                       -2.421404
                   127.8                      -3.0491805
                   127.9                       -3.978687
                     128                      -5.1875763
               128.10001                      -6.6451384
                   128.2                      -8.3155294
                   128.3                       -10.15979
               128.39999                      -12.137812
                   128.5                       -14.20971
               128.60001                      -16.337014
                   128.7                      -18.483222
                   128.8                      -20.614624
               128.89999                      -22.701163
                     129                      -24.716562
               129.10001                      -26.639344
                   129.2                      -28.453058
                   129.3                      -30.146835
               129.39999                       -31.71543
                   129.5                      -33.159276
               129.60001                      -34.483897
                   129.7                       -35.69869
                   129.8                       -36.81616
               129.89999                      -37.850088
                     130                      -38.814183
               130.10001                      -39.720467
                   130.2                      -40.578611
                   130.3                      -41.395337
               130.39999                      -42.174197
                   130.5                      -42.916448
               130.60001                      -43.621542
                   130.7                       -44.28806
                   130.8                      -44.914962
               130.89999                      -45.502194
                     131                      -46.051284
               131.10001                      -46.565516
                   131.2                      -47.049807
                   131.3                      -47.510325
               131.39999                      -47.953578
                   131.5                      -48.385734
               131.60001                      -48.811884
                   131.7                      -49.235357
                   131.8                       -49.65768
               131.89999                      -50.078314
                     132                      -50.495552
               132.10001                      -50.906291
                   132.2                      -51.307691
                   132.3                      -51.696791
               132.39999                      -52.072018
                   132.5                      -52.433141
               132.60001                      -52.781315
                   132.7                      -53.119224
                   132.8                      -53.450293
               132.89999                      -53.778745
                     133                      -54.108232
               133.10001                      -54.441761
                   133.2                      -54.781252
                   133.3                      -55.127023
               133.39999                      -55.477985
                   133.5                      -55.831954
               133.60001                      -56.186195
                   133.7                      -56.537595
                   133.8                      -56.883585
               133.89999                      -57.222415
                     134                      -57.553541
               134.10001                      -57.877676
                   134.2                      -58.196731
                   134.3                       -58.51343
               134.39999                      -58.830899
                   134.5                      -59.152026
               134.60001                      -59.479383
                   134.7                      -59.814175
                   134.8                      -60.156611
               134.89999                      -60.505824
                     135                      -60.859738
               135.10001                      -61.215945
                   135.2                      -61.571772
                   135.3                      -61.924811
               135.39999                      -62.273588
                   135.5                      -62.617448
               135.60001                      -62.957042
                   135.7                      -63.293798
                   135.8                      -63.630335
               135.89999                      -63.969112
                     136                       -64.31292
               136.10001                      -64.663824
                   136.2                      -65.023093
                   136.3                      -65.390994
               136.39999                      -65.766654
                   136.5                      -66.148547
               136.60001                      -66.534423
                   136.7                      -66.921886
                   136.8                      -67.308912
               136.89999                      -67.693969
                     137                      -68.076516
               137.10001                      -68.457148
                   137.2                      -68.837015
                   137.3                      -69.218361
               137.39999                      -69.603637
                   137.5                      -69.995254
               137.60001                      -70.395009
                   137.7                       -70.80433
                   137.8                      -71.223485
               137.89999                       -71.65171
                     138                      -72.087748
               138.10001                       -72.52969
                   138.2                      -72.974963
                   138.3                      -73.421986
               138.39999                      -73.869281
                   138.5                      -74.316032
               138.60001                       -74.76245
                   138.7                      -75.209856
                   138.8                      -75.659774
               138.89999                      -76.114719
                     139                      -76.576768
               139.10001                      -77.047614
                   139.2                      -77.528569
                   139.3                      -78.020123
               139.39999                      -78.521624
                   139.5                      -79.031757
               139.60001                      -79.548611
                   139.7                      -80.070328
                   139.8                      -80.594723
               139.89999                      -81.120374
                     140                      -81.646244
               140.10001                      -82.172714
                   140.2                      -82.700333
                   140.3                      -83.230738
               140.39999                      -83.765733
                   140.5                      -84.307504
               140.60001                      -84.857798
                   140.7                      -85.417819
                   140.8                      -85.988168
               140.89999                      -86.568461
                     141                      -87.157332
               141.10001                      -87.753416
                   141.2                      -88.354473
                   141.3                      -88.958753
               141.39999                      -89.564345
                   141.5                      -90.170429
               141.60001                      -90.776731
                   141.7                      -91.383908
                   141.8                       -91.99316
               141.89999                      -92.606457
                     142                        -93.2256
               142.10001                      -93.852557
                   142.2                      -94.488748
                   142.3                      -95.134884
               142.39999                      -95.790855
                   142.5                      -96.455733
               142.60001                      -97.128097
                   142.7                       -97.80598
                   142.8                      -98.487469
               142.89999                      -99.170924
                     143                      -99.854982
               143.10001                      -100.53937
                   143.2                      -101.22441
                   143.3                      -101.91125
               143.39999                      -102.60154
                   143.5                      -103.29751
               143.60001                      -104.00085
                   143.7                      -104.71332
                   143.8                      -105.43596
               143.89999                      -106.16886
                     144                      -106.91161
               144.10001                      -107.66271
                   144.2                      -108.42048
                   144.3                      -109.18273
               144.39999                      -109.94776
                   144.5                      -110.71405
               144.60001                      -111.48078
                   144.7                      -112.24806
                   144.8                      -113.01665
               144.89999                      -113.78813
                     145                      -114.56431
               145.10001                      -115.34727
                   145.2                      -116.13881
                   145.3                      -116.93996
               145.39999                      -117.75122
                   145.5                      -118.57227
               145.60001                      -119.40162
                   145.7                      -120.23752
                   145.8                      -121.07775
               145.89999                      -121.91993
                     146                      -122.76207
               146.10001                      -123.60295
                   146.2                      -124.44186
                   146.3                      -125.27919
               146.39999                      -126.11607
                   146.5                      -126.95422
               146.60001                       -127.7957
                   146.7                      -128.64237
                   146.8                      -129.49576
               146.89999                      -130.35675
                     147                      -131.22522
               147.10001                      -132.10019
                   147.2                      -132.98009
                   147.3                      -133.86249
               147.39999                      -134.74517
                   147.5                      -135.62578
               147.60001                      -136.50277
                   147.7                      -137.37534
                   147.8                       -138.2437
               147.89999                      -139.10906
                     148                      -139.97333
               148.10001                      -140.83907
                   148.2                       -141.7089
                   148.3                      -142.58524
               148.39999                      -143.46978
                   148.5                      -144.36323
               148.60001                       -145.2653
                   148.7                      -146.17476
                   148.8                      -147.08956
               148.89999                      -148.00722
                     149                       -148.9253
               149.10001                      -149.84169
                   149.2                      -150.75514
                   149.3                      -151.66541
               149.39999                      -152.57328
                   149.5                      -153.48076
               149.60001                      -154.39044
                   149.7                       -155.3053
                   149.8                      -156.22814
               149.89999                      -157.16136
                     150                      -158.10622

