        Frequency / MHz                S1,1/arg,degrees
----------------------------------------------------------------------
                     100                      -164.66181
                   100.1                      -164.75616
                   100.2                      -164.83663
                   100.3                      -164.90249
                   100.4                      -164.95295
                   100.5                      -164.98724
                   100.6                      -165.00445
                   100.7                      -165.00369
                   100.8                      -164.98396
                   100.9                      -164.94421
                     101                      -164.88328
                   101.1                      -164.79997
                   101.2                      -164.69293
                   101.3                      -164.56073
                   101.4                      -164.40178
                   101.5                      -164.21437
                   101.6                      -163.99663
                   101.7                      -163.74648
                   101.8                      -163.46165
                   101.9                      -163.13971
                     102                      -162.77791
                   102.1                      -162.37329
                   102.2                       -161.9226
                   102.3                       -161.4223
                   102.4                      -160.86847
                   102.5                       -160.2569
                   102.6                      -159.58293
                   102.7                      -158.84154
                   102.8                      -158.02724
                   102.9                      -157.13405
                     103                      -156.15553
                   103.1                      -155.08467
                   103.2                      -153.91398
                   103.3                      -152.63542
                   103.4                      -151.24047
                   103.5                      -149.72025
                   103.6                      -148.06553
                   103.7                      -146.26704
                   103.8                       -144.3157
                   103.9                      -142.20305
                     104                      -139.92169
                   104.1                      -137.46599
                   104.2                      -134.83284
                   104.3                       -132.0225
                   104.4                       -129.0395
                   104.5                      -125.89346
                   104.6                      -122.59973
                   104.7                      -119.17958
                   104.8                      -115.66004
                   104.9                      -112.07312
                     105                      -108.45424
                   105.1                      -104.84058
                   105.2                      -101.26886
                   105.3                      -97.773384
                   105.4                      -94.384297
                   105.5                      -91.126625
                   105.6                      -88.019326
                   105.7                       -85.07557
                   105.8                      -82.303032
                   105.9                      -79.704664
                     106                      -77.279401
                   106.1                      -75.023252
                   106.2                      -72.929989
                   106.3                      -70.991882
                   106.4                      -69.200244
                   106.5                         -67.546
                   106.6                      -66.019887
                   106.7                      -64.612924
                   106.8                      -63.316199
                   106.9                      -62.121463
                     107                      -61.020763
                   107.1                      -60.006753
                   107.2                      -59.072605
                   107.3                      -58.211941
                   107.4                      -57.418959
                   107.5                      -56.688267
                   107.6                      -56.014944
                   107.7                      -55.394572
                   107.8                      -54.822916
                   107.9                      -54.296306
                     108                      -53.811307
                   108.1                      -53.364833
                   108.2                      -52.954035
                   108.3                      -52.576328
                   108.4                      -52.229407
                   108.5                      -51.911065
                   108.6                      -51.619387
                   108.7                      -51.352577
                   108.8                      -51.108956
                   108.9                      -50.887005
                     109                      -50.685324
                   109.1                      -50.502603
                   109.2                      -50.337636
                   109.3                      -50.189311
                   109.4                      -50.056561
                   109.5                      -49.938372
                   109.6                      -49.833897
                   109.7                      -49.742291
                   109.8                      -49.662678
                   109.9                      -49.594461
                     110                      -49.536867
                   110.1                      -49.489327
                   110.2                      -49.451241
                   110.3                      -49.422092
                   110.4                      -49.401409
                   110.5                      -49.388735
                   110.6                      -49.383596
                   110.7                      -49.385699
                   110.8                       -49.39466
                   110.9                      -49.410067
                     111                      -49.431683
                   111.1                      -49.459137
                   111.2                       -49.49217
                   111.3                      -49.530502
                   111.4                      -49.573832
                   111.5                      -49.621914
                   111.6                      -49.674534
                   111.7                      -49.731417
                   111.8                      -49.792368
                   111.9                      -49.857118
                     112                      -49.925531
                   112.1                      -49.997384
                   112.2                      -50.072544
                   112.3                      -50.150817
                   112.4                      -50.232098
                   112.5                      -50.316188
                   112.6                      -50.403044
                   112.7                      -50.492518
                   112.8                      -50.584506
                   112.9                        -50.6789
                     113                      -50.775616
                   113.1                      -50.874573
                   113.2                      -50.975659
                   113.3                      -51.078765
                   113.4                      -51.183843
                   113.5                      -51.290777
                   113.6                      -51.399487
                   113.7                      -51.509834
                   113.8                      -51.621797
                   113.9                      -51.735285
                     114                      -51.850196
                   114.1                      -51.966472
                   114.2                      -52.084036
                   114.3                      -52.202853
                   114.4                      -52.322818
                   114.5                      -52.443932
                   114.6                      -52.566136
                   114.7                      -52.689381
                   114.8                      -52.813663
                   114.9                        -52.9389
                     115                      -53.065123
                   115.1                      -53.192273
                   115.2                      -53.320275
                   115.3                      -53.449173
                   115.4                       -53.57889
                   115.5                      -53.709375
                   115.6                       -53.84065
                   115.7                      -53.972581
                   115.8                      -54.105226
                   115.9                       -54.23847
                     116                      -54.372311
                   116.1                      -54.506758
                   116.2                      -54.641667
                   116.3                      -54.777095
                   116.4                      -54.912988
                   116.5                      -55.049345
                   116.6                      -55.186114
                   116.7                       -55.32332
                   116.8                      -55.460963
                   116.9                       -55.59896
                     117                      -55.737392
                   117.1                       -55.87618
                   117.2                      -56.015383
                   117.3                      -56.154935
                   117.4                      -56.294818
                   117.5                      -56.435083
                   117.6                       -56.57565
                   117.7                      -56.716514
                   117.8                      -56.857709
                   117.9                      -56.999121
                     118                      -57.140751
                   118.1                      -57.282627
                   118.2                      -57.424722
                   118.3                      -57.566983
                   118.4                      -57.709406
                   118.5                      -57.851993
                   118.6                      -57.994744
                   118.7                      -58.137631
                   118.8                      -58.280685
                   118.9                       -58.42387
                     119                      -58.567195
                   119.1                      -58.710685
                   119.2                      -58.854313
                   119.3                      -58.998099
                   119.4                      -59.142053
                   119.5                      -59.286141
                   119.6                      -59.430366
                   119.7                      -59.574702
                   119.8                      -59.719148
                   119.9                      -59.863702
                     120                      -60.008365
                   120.1                      -60.153111
                   120.2                      -60.297882
                   120.3                       -60.44271
                   120.4                       -60.58762
                   120.5                      -60.732557
                   120.6                      -60.877494
                   120.7                      -61.022458
                   120.8                      -61.167476
                   120.9                      -61.312522
                     121                       -61.45765
                   121.1                      -61.602751
                   121.2                      -61.747959
                   121.3                      -61.893199
                   121.4                      -62.038489
                   121.5                      -62.183836
                   121.6                      -62.329264
                   121.7                      -62.474721
                   121.8                       -62.62023
                   121.9                      -62.765796
                     122                      -62.911413
                   122.1                      -63.057007
                   122.2                      -63.202626
                   122.3                      -63.348275
                   122.4                      -63.493892
                   122.5                      -63.639485
                   122.6                      -63.785106
                   122.7                      -63.930669
                   122.8                      -64.076234
                   122.9                      -64.221801
                     123                      -64.367365
                   123.1                       -64.51293
                   123.2                      -64.658494
                   123.3                      -64.804087
                   123.4                      -64.949707
                   123.5                      -65.095326
                   123.6                      -65.241028
                   123.7                       -65.38673
                   123.8                      -65.532431
                   123.9                      -65.678187
                     124                      -65.823971
                   124.1                      -65.969782
                   124.2                      -66.115567
                   124.3                      -66.261348
                   124.4                      -66.407106
                   124.5                      -66.552862
                   124.6                      -66.698617
                   124.7                      -66.844292
                   124.8                      -66.989994
                   124.9                      -67.135668
                     125                      -67.281316
                   125.1                       -67.42696
                   125.2                      -67.572635
                   125.3                      -67.718283
                   125.4                      -67.863986
                   125.5                      -68.009687
                   125.6                      -68.155415
                   125.7                      -68.301171
                   125.8                      -68.446982
                   125.9                      -68.592848
                     126                      -68.738686
                   126.1                      -68.884579
                   126.2                      -69.030445
                   126.3                      -69.176392
                   126.4                      -69.322285
                   126.5                      -69.468207
                   126.6                      -69.614072
                   126.7                       -69.75999
                   126.8                      -69.905855
                   126.9                      -70.051693
                     127                       -70.19756
                   127.1                      -70.343426
                   127.2                      -70.489292
                   127.3                      -70.635157
                   127.4                      -70.781103
                   127.5                      -70.927025
                   127.6                      -71.073025
                   127.7                      -71.219082
                   127.8                      -71.365168
                   127.9                      -71.511277
                     128                      -71.657498
               128.10001                      -71.803749
                   128.2                      -71.950022
                   128.3                      -72.096323
               128.39999                      -72.242655
                   128.5                      -72.389013
               128.60001                      -72.535371
                   128.7                      -72.681754
                   128.8                      -72.828112
               128.89999                      -72.974552
                     129                      -73.120936
               129.10001                      -73.267375
                   129.2                      -73.413815
                   129.3                      -73.560307
               129.39999                      -73.706857
                   129.5                      -73.853432
               129.60001                      -74.000061
                   129.7                      -74.146803
                   129.8                      -74.293568
               129.89999                      -74.440473
                     130                      -74.587405
               130.10001                      -74.734417
                   130.2                      -74.881513
                   130.3                       -75.02869
               130.39999                      -75.175893
                   130.5                      -75.323151
               130.60001                      -75.470465
                   130.7                      -75.617834
                   130.8                      -75.765202
               130.89999                      -75.912624
                     131                      -76.060104
               131.10001                       -76.20758
                   131.2                      -76.355139
                   131.3                      -76.502725
               131.39999                      -76.650395
                   131.5                      -76.798146
               131.60001                      -76.945977
                   131.7                      -77.093892
                   131.8                      -77.241943
               131.89999                      -77.390104
                     132                      -77.538373
               132.10001                      -77.686698
                   132.2                      -77.835214
                   132.3                      -77.983757
               132.39999                      -78.132435
                   132.5                      -78.281224
               132.60001                      -78.430042
                   132.7                      -78.578967
                   132.8                      -78.727974
               132.89999                      -78.877036
                     133                      -79.026153
               133.10001                      -79.175351
                   133.2                      -79.324659
                   133.3                      -79.473995
               133.39999                      -79.623439
                   133.5                      -79.773021
               133.60001                      -79.922711
                   133.7                      -80.072511
                   133.8                      -80.222447
               133.89999                      -80.372548
                     134                      -80.522783
               134.10001                      -80.673212
                   134.2                      -80.823804
                   134.3                      -80.974479
               134.39999                      -81.125371
                   134.5                      -81.276373
               134.60001                      -81.427484
                   134.7                      -81.578731
                   134.8                      -81.730116
               134.89999                      -81.881555
                     135                       -82.03313
               135.10001                      -82.184842
                   135.2                      -82.336636
                   135.3                      -82.488567
               135.39999                      -82.640608
                   135.5                      -82.792784
               135.60001                      -82.945124
                   135.7                      -83.097629
                   135.8                      -83.250324
               135.89999                      -83.403211
                     136                      -83.556262
               136.10001                      -83.709532
                   136.2                       -83.86302
                   136.3                      -84.016672
               136.39999                      -84.170515
                   136.5                      -84.324494
               136.60001                      -84.478665
                   136.7                      -84.633001
                   136.8                      -84.787417
               136.89999                      -84.941998
                     137                      -85.096661
               137.10001                      -85.251406
                   137.2                      -85.406233
                   137.3                      -85.561114
               137.39999                      -85.716132
                   137.5                      -85.871177
               137.60001                      -86.026332
                   137.7                      -86.181569
                   137.8                      -86.336887
               137.89999                      -86.492288
                     138                       -86.64777
               138.10001                      -86.803307
                   138.2                      -86.958899
                   138.3                      -87.114545
               138.39999                      -87.270191
                   138.5                      -87.425865
               138.60001                      -87.581511
                   138.7                      -87.737048
                   138.8                      -87.892585
               138.89999                      -88.047931
                     139                      -88.203222
               139.10001                       -88.35835
                   139.2                       -88.51334
                   139.3                      -88.668194
               139.39999                      -88.822912
                   139.5                      -88.977547
               139.60001                      -89.132046
                   139.7                      -89.286518
                   139.8                      -89.440962
               139.89999                      -89.595406
                     140                       -89.74985
               140.10001                      -89.904377
                   140.2                      -90.058985
                   140.3                      -90.213675
               140.39999                      -90.368474
                   140.5                       -90.52341
               140.60001                      -90.678456
                   140.7                       -90.83361
                   140.8                      -90.988874
               140.89999                       -91.14422
                     141                      -91.299648
               141.10001                      -91.455157
                   141.2                      -91.610776
                   141.3                      -91.766477
               141.39999                      -91.922233
                   141.5                      -92.078125
               141.60001                      -92.234127
                   141.7                       -92.39032
                   141.8                      -92.546649
               141.89999                      -92.703224
                     142                      -92.859991
               142.10001                       -93.01703
                   142.2                      -93.174316
                   142.3                      -93.331902
               142.39999                      -93.489734
                   142.5                      -93.647867
               142.60001                      -93.806245
                   142.7                      -93.964815
                   142.8                       -94.12363
               142.89999                      -94.282583
                     143                      -94.441699
               143.10001                      -94.600924
                   143.2                      -94.760286
                   143.3                      -94.919729
               143.39999                      -95.079311
                   143.5                      -95.239055
               143.60001                      -95.398936
                   143.7                       -95.55909
                   143.8                       -95.71949
               143.89999                      -95.880246
                     144                      -96.041465
               144.10001                      -96.203177
                   144.2                       -96.36549
                   144.3                      -96.528404
               144.39999                      -96.692082
                   144.5                      -96.856499
               144.60001                      -97.021735
                   144.7                      -97.187872
                   144.8                      -97.354939
               144.89999                      -97.523043
                     145                      -97.692213
               145.10001                      -97.862585
                   145.2                      -98.034323
                   145.3                      -98.207619
               145.39999                      -98.382663
                   145.5                      -98.559756
               145.60001                      -98.739253
                   145.7                      -98.921483
                   145.8                      -99.106909
               145.89999                      -99.295942
                     146                      -99.489044
               146.10001                      -99.686738
                   146.2                      -99.889376
                   146.3                      -100.09742
               146.39999                      -100.31121
                   146.5                        -100.531
               146.60001                        -100.757
                   146.7                       -100.9892
                   146.8                      -101.22755
               146.89999                      -101.47182
                     147                       -101.7217
               147.10001                      -101.97671
                   147.2                      -102.23623
                   147.3                      -102.49957
               147.39999                      -102.76587
                   147.5                       -103.0343
               147.60001                      -103.30392
                   147.7                      -103.57383
                   147.8                      -103.84304
               147.89999                      -104.11076
                     148                       -104.3761
               148.10001                      -104.63838
                   148.2                      -104.89692
                   148.3                       -105.1513
               148.39999                      -105.40115
                   148.5                      -105.64627
               148.60001                      -105.88653
                   148.7                      -106.12206
                   148.8                      -106.35297
               148.89999                      -106.57952
                     149                      -106.80215
               149.10001                      -107.02121
                   149.2                      -107.23721
                   149.3                      -107.45056
               149.39999                      -107.66178
                   149.5                      -107.87127
               149.60001                      -108.07954
                   149.7                      -108.28687
                   149.8                      -108.49361
               149.89999                      -108.70007
                     150                      -108.90643
               150.10001                      -109.11289
                   150.2                      -109.31952
                   150.3                       -109.5265
               150.39999                      -109.73386
                   150.5                      -109.94169
               150.60001                      -110.15007
                   150.7                      -110.35904
                   150.8                      -110.56873
               150.89999                      -110.77918
                     151                      -110.99054
               151.10001                      -111.20293
                   151.2                      -111.41647
                   151.3                      -111.63129
               151.39999                      -111.84753
                   151.5                      -112.06536
               151.60001                      -112.28486
                   151.7                       -112.5061
                   151.8                      -112.72923
               151.89999                       -112.9543
                     152                      -113.18133
               152.10001                      -113.41039
                   152.2                       -113.6415
                   152.3                      -113.87465
               152.39999                      -114.10983
                   152.5                      -114.34708
               152.60001                      -114.58641
                   152.7                      -114.82785
                   152.8                      -115.07141
               152.89999                      -115.31719
                     153                      -115.56529
               153.10001                      -115.81576
                   153.2                      -116.06875
                   153.3                      -116.32437
               153.39999                      -116.58285
                   153.5                      -116.84423
               153.60001                      -117.10877
                   153.7                      -117.37654
                   153.8                      -117.64776
               153.89999                      -117.92252
                     154                      -118.20095
               154.10001                      -118.48325
                   154.2                      -118.76941
                   154.3                      -119.05967
               154.39999                      -119.35402
                   154.5                      -119.65272
               154.60001                      -119.95582
                   154.7                      -120.26345
                   154.8                      -120.57586
               154.89999                      -120.89316
                     155                      -121.21566
               155.10001                      -121.54361
                   155.2                      -121.87728
                   155.3                      -122.21699
               155.39999                      -122.56314
                   155.5                       -122.9161
               155.60001                       -123.2763
                   155.7                       -123.6442
                   155.8                      -124.02022
               155.89999                      -124.40484
                     156                      -124.79861
               156.10001                      -125.20203
                   156.2                      -125.61569
                   156.3                      -126.04015
               156.39999                      -126.47603
                   156.5                      -126.92397
               156.60001                      -127.38479
                   156.7                      -127.85925
                   156.8                      -128.34817
               156.89999                      -128.85266
                     157                      -129.37375
               157.10001                      -129.91265
                   157.2                      -130.47075
                   157.3                       -131.0496
               157.39999                      -131.65088
                   157.5                      -132.27644
               157.60001                      -132.92845
                   157.7                      -133.60919
                   157.8                      -134.32129
               157.89999                      -135.06761
                     158                      -135.85136
               158.10001                      -136.67613
                   158.2                      -137.54592
                   158.3                      -138.46521
               158.39999                      -139.43908
                   158.5                      -140.47325
               158.60001                      -141.57424
                   158.7                       -142.7494
                   158.8                      -144.00724
               158.89999                      -145.35743
                     159                      -146.81106
               159.10001                      -148.38095
                   159.2                      -150.08177
                   159.3                      -151.93035
               159.39999                      -153.94597
                   159.5                       -156.1506
               159.60001                      -158.56905
                   159.7                      -161.22894
                   159.8                      -164.16054
               159.89999                      -167.39596
                     160                      -170.96775
               160.10001                      -174.90645
                   160.2                      -179.23672
                   160.3                       176.02785
               160.39999                       170.89137
                   160.5                        165.3825
               160.60001                       159.55959
                   160.7                       153.51178
                   160.8                       147.35361
               160.89999                       141.21316
                     161                       135.21626
               161.10001                       129.47133
                   161.2                       124.05924
                   161.3                       119.02983
               161.39999                       114.40435
                   161.5                       110.18141
               161.60001                       106.34385
                   161.7                       102.86496
                   161.8                       99.713461
               161.89999                       96.856781
                     162                       94.263277
               162.10001                       91.903371
                   162.2                       89.750222
                   162.3                       87.779761
               162.39999                       85.970751
                   162.5                        84.30452
               162.60001                        82.76477
                   162.7                       81.337267
                   162.8                       80.009621
               162.89999                       78.771042
                     163                       77.612129
               163.10001                       76.524683
                   163.2                       75.501512
                   163.3                       74.536346
               163.39999                       73.623681
                   163.5                       72.758638
               163.60001                       71.936931
                   163.7                        71.15476
                   163.8                       70.408738
               163.89999                       69.695817
                     164                       69.013283
               164.10001                       68.358711
                   164.2                       67.729836
                   164.3                       67.124702
               164.39999                       66.541452
                   164.5                       65.978461
               164.60001                       65.434182
                   164.7                       64.907267
                   164.8                       64.396465
               164.89999                        63.90064
                     165                       63.418801
               165.10001                       62.949961
                   165.2                       62.493294
                   165.3                       62.048076
               165.39999                       61.613594
                   165.5                       61.189185
               165.60001                       60.774334
                   165.7                       60.368504
                   165.8                       59.971197
               165.89999                       59.581946
                     166                       59.200383
               166.10001                       58.826091
                   166.2                       58.458655
                   166.3                       58.097752
               166.39999                       57.743046
                   166.5                       57.394176
               166.60001                       57.050819
                   166.7                       56.712711
                   166.8                       56.379554
               166.89999                       56.051062
                     167                       55.727031
               167.10001                       55.407205
                   167.2                        55.09141
                   167.3                       54.779425
               167.39999                       54.471106
                   167.5                       54.166268
               167.60001                       53.864846
                   167.7                       53.566626
                   167.8                       53.271582
               167.89999                       52.979562
                     168                       52.690466
               168.10001                       52.404214
                   168.2                        52.12068
                   168.3                       51.839793
               168.39999                        51.56143
                   168.5                         51.2855
               168.60001                       51.011892
                   168.7                       50.740513
                   168.8                       50.471252
               168.89999                       50.204007
                     169                       49.938692
               169.10001                       49.675225
                   169.2                        49.41352
                   169.3                       49.153509
               169.39999                       48.895133
                   169.5                       48.638342
               169.60001                       48.383085
                   169.7                       48.129327
                   169.8                       47.877043
               169.89999                       47.626197
                     170                       47.376768
               170.10001                       47.128721
                   170.2                       46.882047
                   170.3                       46.636691
               170.39999                       46.392635
                   170.5                       46.149832
               170.60001                       45.908249
                   170.7                       45.667831
                   170.8                       45.428532
               170.89999                       45.190306
                     171                       44.953112
               171.10001                       44.716896
                   171.2                       44.481618
                   171.3                       44.247248
               171.39999                       44.013748
                   171.5                       43.781092
               171.60001                       43.549276
                   171.7                       43.318269
                   171.8                       43.088076
               171.89999                       42.858682
                     172                        42.63009
               172.10001                       42.402289
                   172.2                       42.175289
                   172.3                       41.949077
               172.39999                       41.723632
                   172.5                       41.498955
               172.60001                       41.275025
                   172.7                       41.051816
                   172.8                        40.82931
               172.89999                       40.607475
                     173                       40.386286
               173.10001                       40.165703
                   173.2                       39.945714
                   173.3                       39.726283
               173.39999                       39.507395
                   173.5                       39.289041
               173.60001                       39.071202
                   173.7                       38.853867
                   173.8                       38.637054
               173.89999                       38.420742
                     174                        38.20495
               174.10001                       37.989675
                   174.2                       37.774937
                   174.3                       37.560727
               174.39999                       37.347051
                   174.5                       37.133909
               174.60001                       36.921293
                   174.7                       36.709194
                   174.8                       36.497606
               174.89999                       36.286501
                     175                       36.075864
               175.10001                        35.86568
                   175.2                       35.655925
                   175.3                       35.446576
               175.39999                       35.237625
                   175.5                        35.02905
               175.60001                       34.820857
                   175.7                       34.613029
                   175.8                       34.405569
               175.89999                       34.198486
                     176                       33.991774
               176.10001                       33.785463
                   176.2                       33.579542
                   176.3                       33.374035
               176.39999                        33.16895
                   176.5                       32.964282
               176.60001                       32.760047
                   176.7                       32.556234
                   176.8                       32.352842
               176.89999                       32.149858
                     177                       31.947266
               177.10001                       31.745063
                   177.2                       31.543228
                   177.3                        31.34174
               177.39999                       31.140589
                   177.5                       30.939767
               177.60001                       30.739264
                   177.7                       30.539067
                   177.8                       30.339184
               177.89999                       30.139616
                     178                       29.940375
               178.10001                       29.741466
                   178.2                       29.542902
                   178.3                       29.344702
               178.39999                       29.146875
                   178.5                       28.949428
               178.60001                       28.752382
                   178.7                       28.555723
                   178.8                       28.359471
               178.89999                       28.163607
                     179                       27.968135
               179.10001                       27.773037
                   179.2                       27.578307
                   179.3                       27.383928
               179.39999                       27.189887
                   179.5                       26.996178
               179.60001                       26.802785
                   179.7                       26.609709
                   179.8                       26.416943
               179.89999                       26.224493
                     180                        26.03237
               180.10001                       25.840581
                   180.2                       25.649144
                   180.3                       25.458078
               180.39999                       25.267386
                   180.5                       25.077098
               180.60001                       24.887221
                   180.7                        24.69777
                   180.8                       24.508751
               180.89999                       24.320165
                     181                       24.132013
               181.10001                       23.944292
                   181.2                       23.756994
                   181.3                       23.570103
               181.39999                       23.383616
                   181.5                       23.197516
               181.60001                       23.011804
                   181.7                        22.82647
                   181.8                       22.641508
               181.89999                       22.456931
                     182                       22.272743
               182.10001                       22.088956
                   182.2                       21.905588
                   182.3                       21.722662
               182.39999                       21.540198
                   182.5                       21.358221
               182.60001                       21.176749
                   182.7                       20.995801
                   182.8                       20.815396
               182.89999                       20.635544
                     183                       20.456256
               183.10001                       20.277533
                   183.2                       20.099377
                   183.3                       19.921782
               183.39999                       19.744743
                   183.5                       19.568257
               183.60001                        19.39232
                   183.7                       19.216926
                   183.8                       19.042082
               183.89999                       18.867792
                     184                        18.69407
               184.10001                        18.52094
                   184.2                       18.348418
                   184.3                        18.17654
               184.39999                       18.005334
                   184.5                       17.834837
               184.60001                       17.665083
                   184.7                       17.496107
                   184.8                       17.327944
               184.89999                       17.160619
                     185                       16.994159
               185.10001                       16.828582
                   185.2                       16.663907
                   185.3                       16.500144
               185.39999                       16.337298
                   185.5                       16.175387
               185.60001                       16.014414
                   185.7                       15.854392
                   185.8                       15.695337
               185.89999                       15.537275
                     186                       15.380231
               186.10001                       15.224244
                   186.2                        15.06936
                   186.3                        14.91563
               186.39999                       14.763113
                   186.5                       14.611874
               186.60001                       14.461981
                   186.7                       14.313503
                   186.8                       14.166512
               186.89999                       14.021071
                     187                       13.877251
               187.10001                       13.735108
                   187.2                       13.594705
                   187.3                        13.45609
               187.39999                       13.319319
                   187.5                       13.184445
               187.60001                       13.051517
                   187.7                       12.920595
                   187.8                       12.791742
               187.89999                       12.665034
                     188                       12.540552
               188.10001                       12.418394
                   188.2                       12.298669
                   188.3                       12.181502
               188.39999                       12.067025
                   188.5                       11.955389
               188.60001                       11.846752
                   188.7                       11.741279
                   188.8                        11.63914
               188.89999                       11.540506
                     189                       11.445556
               189.10001                       11.354465
                   189.2                       11.267405
                   189.3                        11.18455
               189.39999                       11.106077
                   189.5                       11.032162
               189.60001                       10.962989
                   189.7                       10.898744
                   189.8                       10.839634
               189.89999                       10.785872
                     190                       10.737694
               190.10001                       10.695352
                   190.2                       10.659123
                   190.3                       10.629298
               190.39999                       10.606192
                   190.5                       10.590133
               190.60001                       10.581463
                   190.7                       10.580531
                   190.8                       10.587682
               190.89999                        10.60326
                     191                       10.627594
               191.10001                       10.660991
                   191.2                       10.703736
                   191.3                       10.756077
               191.39999                        10.81823
                   191.5                       10.890361
               191.60001                       10.972595
                   191.7                       11.065002
                   191.8                       11.167591
               191.89999                       11.280311
                     192                        11.40304
               192.10001                       11.535561
                   192.2                        11.67759
                   192.3                       11.828652
               192.39999                       11.988258
                   192.5                       12.155709
               192.60001                       12.330086
                   192.7                       12.510321
                   192.8                       12.695198
               192.89999                       12.883156
                     193                       13.072426
               193.10001                       13.261085
                   193.2                       13.446846
                   193.3                       13.627268
               193.39999                        13.79972
                   193.5                       13.961398
               193.60001                       14.109408
                   193.7                       14.240807
                   193.8                       14.352686
               193.89999                       14.442228
                     194                       14.506791
               194.10001                       14.543966
                   194.2                       14.551655
                   194.3                       14.528114
               194.39999                       14.472003
                   194.5                       14.382416
               194.60001                       14.258892
                   194.7                       14.101426
                   194.8                       13.910457
               194.89999                       13.686838
                     195                        13.43181
               195.10001                       13.146963
                   195.2                       12.834175
                   195.3                        12.49558
               195.39999                       12.133495
                   195.5                       11.750375
               195.60001                        11.34876
                   195.7                       10.931213
                   195.8                       10.500287
               195.89999                       10.058476
                     196                       9.6081698
               196.10001                        9.151635
                   196.2                       8.6909832
                   196.3                       8.2281494
               196.39999                       7.7648823
                   196.5                       7.3027413
               196.60001                        6.843082
                   196.7                       6.3870721
                   196.8                       5.9356992
               196.89999                       5.4897729
                     197                       5.0499482
               197.10001                       4.6167389
                   197.2                       4.1905347
                   197.3                       3.7716184
               197.39999                       3.3601843
                   197.5                       2.9563559
               197.60001                       2.5601948
                   197.7                       2.1717181
                   197.8                       1.7909053
               197.89999                       1.4177067
                     198                       1.0520488
               198.10001                      0.69383816
                   198.2                      0.34296347
                   198.3                  -0.00070366264
               198.39999                      -0.3373079
                   198.5                     -0.66701027
               198.60001                     -0.98998752
                   198.7                      -1.3064319
                   198.8                      -1.6165491
               198.89999                      -1.9205566
                     199                      -2.2186803
               199.10001                      -2.5111529
                   199.2                       -2.798207
                   199.3                      -3.0800744
               199.39999                      -3.3569805
                   199.5                      -3.6291415
               199.60001                      -3.8967596
                   199.7                      -4.1600266
                   199.8                      -4.4191142
               199.89999                      -4.6741825
                     200                      -4.9253734

