        Frequency / MHz                S2,2 (6)/abs,dB
----------------------------------------------------------------------
                      40                      -5.2679082
               40.259998                      -5.6227873
                   40.52                      -5.9887125
               40.779999                      -6.3687225
               41.040001                      -6.7649299
               41.299999                      -7.1782038
               41.560001                      -7.6085576
                   41.82                      -8.0563353
               42.079998                      -8.5238999
                   42.34                      -9.0169788
               42.599998                      -9.5445066
               42.860001                      -10.116091
               43.119999                      -10.736956
               43.380001                      -11.401032
               43.639999                      -12.083628
               43.900002                      -12.736672
                   44.16                      -13.291897
               44.419998                       -13.67778
                   44.68                      -13.847678
               44.939999                      -13.801707
               45.200001                      -13.584771
               45.459999                      -13.265249
               45.720001                       -12.91333
                   45.98                      -12.589316
               46.240002                      -12.339956
                    46.5                      -12.198117
               46.759998                      -12.183362
                   47.02                      -12.302998
               47.279999                      -12.553871
               47.540001                      -12.925345
               47.799999                      -13.403432
               48.060001                      -13.974924
                   48.32                      -14.628808
               48.579998                      -15.351401
                   48.84                      -16.112949
               49.099998                      -16.848589
               49.360001                      -17.448256
               49.619999                      -17.784379
               49.880001                      -17.785929
               50.139999                      -17.492382
               50.400002                      -17.017777
                   50.66                      -16.474355
               50.919998                      -15.935866
                   51.18                      -15.444565
               51.439999                       -15.03047
               51.700001                      -14.723544
               51.959999                      -14.555426
               52.220001                      -14.554945
                   52.48                      -14.742473
               52.740002                      -15.125957
                      53                      -15.699828
               53.259998                      -16.448326
                   53.52                      -17.355799
               53.779999                      -18.425458
               54.040001                      -19.703546
               54.299999                      -21.303905
               54.560001                      -23.441522
                   54.82                       -26.53182
               55.079998                      -31.636904
                   55.34                      -44.625574
               55.599998                      -36.817299
               55.860001                      -30.139459
               56.119999                      -26.995128
               56.380001                      -25.178196
               56.639999                      -24.019401
               56.900002                      -23.199976
                   57.16                      -22.573501
               57.419998                      -22.122089
                   57.68                      -21.909056
               57.939999                      -22.026093
               58.200001                      -22.561566
               58.459999                       -23.59242
               58.720001                      -25.185352
                   58.98                      -27.392546
               59.240002                      -30.231131
                    59.5                      -33.648186
               59.759998                      -37.358505
                   60.02                      -38.924222
               60.279999                      -35.207137
               60.540001                      -30.753027
               60.799999                      -27.304061
               61.060001                      -24.804569
                   61.32                      -23.083858
               61.579998                      -22.001427
                   61.84                       -21.42638
               62.099998                      -21.202938
               62.360001                      -21.129235
               62.619999                      -20.996811
               62.880001                      -20.711028
               63.139999                       -20.36734
               63.400002                        -20.1681
                   63.66                      -20.296868
               63.919998                       -20.86383
                   64.18                      -21.879096
               64.440002                      -23.166024
               64.699997                      -24.224906
               64.959999                      -24.493226
               65.220001                      -24.122495
               65.480003                      -23.727785
               65.739998                      -23.549298
                      66                      -23.196982
               66.260002                      -21.957623
               66.519997                      -19.854726
               66.779999                      -17.615054
               67.040001                      -15.720828
               67.300003                      -14.316851
               67.559998                      -13.412733
                   67.82                      -12.981108
               68.080002                      -12.984105
               68.339996                      -13.371264
               68.599998                      -14.063008
               68.860001                      -14.927985
               69.120003                      -15.781516
               69.379997                      -16.455939
               69.639999                      -16.924799
               69.900002                      -17.327548
               70.159996                      -17.848707
               70.419998                      -18.595622
                   70.68                      -19.531757
               70.940002                      -20.429358
               71.199997                      -20.924557
               71.459999                      -20.831572
               71.720001                      -20.355199
               71.980003                      -19.807757
               72.239998                      -19.335769
                    72.5                      -18.919315
               72.760002                      -18.472543
               73.019997                      -17.944806
               73.279999                      -17.368672
               73.540001                      -16.830041
               73.800003                      -16.408898
               74.059998                      -16.145248
                   74.32                      -16.035596
               74.580002                      -16.045192
               74.839996                      -16.128182
               75.099998                      -16.251452
               75.360001                       -16.41258
               75.620003                      -16.640949
               75.879997                      -16.982626
               76.139999                      -17.481171
               76.400002                      -18.165036
               76.659996                      -19.044213
               76.919998                      -20.115005
                   77.18                      -21.371863
               77.440002                      -22.822722
               77.699997                      -24.493592
               77.959999                      -26.381343
               78.220001                      -28.246556
               78.480003                      -29.217726
               78.739998                      -28.421457
                      79                      -26.557683
               79.260002                      -24.625273
               79.519997                      -22.953809
               79.779999                      -21.557951
               80.040001                      -20.385742
               80.300003                       -19.39154
               80.559998                      -18.549785
                   80.82                      -17.849837
               81.080002                      -17.285937
               81.339996                      -16.849319
               81.599998                      -16.525538
               81.860001                       -16.29707
               82.120003                      -16.149356
               82.379997                      -16.076813
               82.639999                      -16.085085
               82.900002                      -16.187832
               83.159996                      -16.399522
               83.419998                      -16.727604
                   83.68                      -17.167323
               83.940002                      -17.701697
               84.199997                       -18.30854
               84.459999                      -18.974112
               84.720001                      -19.707953
               84.980003                      -20.550001
               85.239998                      -21.565524
                    85.5                      -22.832262
               85.760002                       -24.42588
               86.019997                      -26.398714
               86.279999                      -28.715447
               86.540001                      -31.036672
               86.800003                      -32.372996
               87.059998                      -31.876765
                   87.32                      -30.248657
               87.580002                      -28.402853
               87.839996                      -26.681836
               88.099998                      -25.181243
               88.360001                      -23.931829
               88.620003                       -22.93615
               88.879997                       -22.17403
               89.139999                      -21.607258
               89.400002                      -21.188026
               89.659996                      -20.871137
               89.919998                      -20.626862
                   90.18                      -20.447922
               90.440002                      -20.345701
               90.699997                      -20.337875
               90.959999                      -20.434846
               91.220001                      -20.631286
               91.480003                      -20.905683
               91.739998                      -21.228223
                      92                      -21.574158
               92.260002                      -21.934734
               92.519997                       -22.31625
               92.779999                      -22.724831
               93.040001                      -23.145045
               93.300003                      -23.526361
               93.559998                      -23.792444
                   93.82                      -23.878704
               94.080002                       -23.77314
               94.339996                       -23.51804
               94.599998                      -23.171447
               94.860001                      -22.771675
               95.120003                      -22.332038
               95.379997                      -21.857572
               95.639999                      -21.362562
               95.900002                      -20.874387
               96.159996                      -20.424126
               96.419998                      -20.034255
                   96.68                      -19.712101
               96.940002                      -19.451205
               97.199997                      -19.238491
               97.459999                      -19.063296
               97.720001                      -18.923753
               97.980003                      -18.827372
               98.239998                      -18.786156
                    98.5                      -18.809725
               98.760002                      -18.900301
               99.019997                      -19.051737
               99.279999                      -19.252767
               99.540001                      -19.492878
               99.800003                      -19.767886
                  100.06                      -20.082074
                  100.32                      -20.445595
                  100.58                      -20.868672
                  100.84                      -21.355602
                   101.1                      -21.901116
                  101.36                      -22.490039
                  101.62                      -23.099646
                  101.88                      -23.702831
                  102.14                      -24.269788
                   102.4                       -24.76746
                  102.66                       -25.15925
                  102.92                      -25.409367
                  103.18                       -25.49287
                  103.44                      -25.405518
                   103.7                      -25.165477
                  103.96                      -24.806281
                  104.22                      -24.367751
                  104.48                      -23.889942
                  104.74                      -23.409584
                     105                       -22.95684
                  105.26                      -22.552089
                  105.52                      -22.204153
                  105.78                      -21.911375
                  106.04                      -21.665855
                   106.3                      -21.459595
                  106.56                      -21.289875
                  106.82                      -21.161058
                  107.08                      -21.081784
                  107.34                      -21.059312
                   107.6                      -21.094307
                  107.86                      -21.178989
                  108.12                      -21.299974
                  108.38                      -21.444882
                  108.64                      -21.609136
                   108.9                      -21.798309
                  109.16                       -22.02359
                  109.42                      -22.292418
                  109.68                      -22.599349
                  109.94                      -22.922311
                   110.2                      -23.227583
                  110.46                      -23.482666
                  110.72                      -23.669414
                  110.98                      -23.786573
                  111.24                       -23.83888
                   111.5                      -23.823029
                  111.76                      -23.724267
                  112.02                      -23.527926
                  112.28                      -23.235911
                  112.54                      -22.872057
                   112.8                       -22.47105
                  113.06                      -22.061603
                  113.32                      -21.657091
                  113.58                       -21.25778
                  113.84                      -20.860382
                   114.1                      -20.467273
                  114.36                      -20.089267
                  114.62                      -19.741065
                  114.88                      -19.433627
                  115.14                      -19.168937
                   115.4                      -18.940143
                  115.66                      -18.736829
                  115.92                      -18.552373
                  116.18                      -18.388865
                  116.44                      -18.256324
                   116.7                      -18.166629
                  116.96                      -18.125917
                  117.22                      -18.129746
                  117.48                      -18.163841
                  117.74                      -18.210911
                     118                      -18.260821
                  118.26                      -18.318354
                  118.52                      -18.403167
                  118.78                       -18.54159
                  119.04                      -18.755057
                   119.3                      -19.050641
                  119.56                      -19.416864
                  119.82                      -19.826424
                  120.08                      -20.246511
                  120.34                      -20.654038
                   120.6                      -21.047403
                  120.86                      -21.445615
                  121.12                      -21.874232
                  121.38                      -22.346941
                  121.64                      -22.852754
                   121.9                      -23.354776
                  122.16                      -23.802926
                  122.42                      -24.156026
                  122.68                      -24.398068
                  122.94                      -24.533981
                   123.2                      -24.570113
                  123.46                      -24.500773
                  123.72                      -24.314545
                  123.98                      -24.013079
                  124.24                      -23.621973
                   124.5                      -23.182452
                  124.76                      -22.733004
                  125.02                      -22.296647
                  125.28                       -21.88004
                  125.54                       -21.48094
                   125.8                      -21.097375
                  126.06                      -20.732951
                  126.32                      -20.396257
                  126.58                      -20.096321
                  126.84                      -19.837928
                   127.1                      -19.619761
                  127.36                      -19.436022
                  127.62                       -19.28029
                  127.88                      -19.149259
                  128.14                      -19.044231
               128.39999                      -18.969681
                  128.66                      -18.930025
                  128.92                      -18.926666
               129.17999                      -18.957009
                  129.44                      -19.015878
                   129.7                      -19.098514
               129.96001                      -19.203343
                  130.22                      -19.332861
                  130.48                      -19.492033
               130.74001                      -19.685165
                     131                      -19.913038
               131.25999                      -20.171919
                  131.52                      -20.455038
                  131.78                       -20.75583
               132.03999                      -21.071158
                   132.3                      -21.402481
                  132.56                       -21.75408
               132.81999                      -22.129209
                  133.08                      -22.526351
                  133.34                      -22.937621
               133.60001                      -23.350225
                  133.86                      -23.750161
                  134.12                      -24.125717
                  134.38                       -24.46821
                  134.64                      -24.769359
               134.89999                      -25.017694
                  135.16                      -25.197809
                  135.42                      -25.294472
               135.67999                      -25.299346
                  135.94                      -25.215092
                   136.2                       -25.05339
               136.46001                      -24.828901
                  136.72                        -24.5544
                  136.98                      -24.240257
               137.24001                      -23.897108
                   137.5                      -23.538169
               137.75999                      -23.178616
                  138.02                       -22.83232
                  138.28                      -22.508263
               138.53999                      -22.209007
                   138.8                      -21.932112
                  139.06                      -21.673768
               139.31999                      -21.432647
                  139.58                      -21.211793
                  139.84                      -21.017461
               140.10001                      -20.855667
                  140.36                      -20.728546
                  140.62                      -20.632646
                  140.88                      -20.560362
                  141.14                      -20.504114
               141.39999                      -20.461211
                  141.66                      -20.436449
                  141.92                      -20.440393
               142.17999                      -20.483801
                  142.44                      -20.570837
                   142.7                      -20.694321
               142.96001                      -20.835785
                  143.22                      -20.971786
                  143.48                      -21.085026
               143.74001                       -21.17451
                     144                      -21.257443
               144.25999                       -21.36066
                  144.52                      -21.506561
                  144.78                      -21.700811
               145.03999                      -21.926521
                   145.3                      -22.147481
                  145.56                      -22.321282
               145.81999                      -22.417923
                  146.08                      -22.432175
                  146.34                      -22.379467
               146.60001                      -22.279121
                  146.86                      -22.139078
                  147.12                      -21.952709
                  147.38                      -21.707835
                  147.64                      -21.399861
               147.89999                      -21.038575
                  148.16                      -20.644047
                  148.42                      -20.236313
               148.67999                      -19.827255
                  148.94                      -19.419157
                   149.2                      -19.009065
               149.46001                       -18.59493
                  149.72                      -18.179443
                  149.98                      -17.769624
               150.24001                      -17.373353
                   150.5                       -16.99568
               150.75999                       -16.63726
                  151.02                      -16.295442
                  151.28                      -15.966989
               151.53999                      -15.650547
                   151.8                       -15.34749
                  152.06                      -15.060834
               152.31999                      -14.793178
                  152.58                      -14.545081
                  152.84                      -14.314793
               153.10001                      -14.099375
                  153.36                      -13.896407
                  153.62                      -13.705211
                  153.88                      -13.526888
                  154.14                       -13.36323
               154.39999                      -13.215297
                  154.66                      -13.082555
                  154.92                      -12.963068
               155.17999                      -12.854555
                  155.44                      -12.755638
                   155.7                      -12.666463
               155.96001                      -12.588337
                  156.22                      -12.522663
                  156.48                      -12.469842
               156.74001                      -12.428877
                     157                      -12.397866
               157.25999                      -12.375093
                  157.52                      -12.359986
                  157.78                      -12.353356
               158.03999                      -12.356734
                   158.3                      -12.371269
                  158.56                      -12.396888
               158.81999                      -12.432255
                  159.08                      -12.475569
                  159.34                      -12.525699
               159.60001                       -12.58294
                  159.86                      -12.648845
                  160.12                      -12.725232
                  160.38                      -12.812933
                  160.64                      -12.911084
               160.89999                      -13.017388
                  161.16                      -13.129263
                  161.42                      -13.245198
               161.67999                       -13.36553
                  161.94                      -13.492133
                   162.2                      -13.627234
               162.46001                      -13.772064
                  162.72                      -13.926143
                  162.98                      -14.087573
               163.24001                      -14.254129
                   163.5                      -14.424423
               163.75999                      -14.598443
                  164.02                      -14.777141
                  164.28                      -14.961427
               164.53999                      -15.151279
                   164.8                       -15.34556
                  165.06                      -15.542668
               165.31999                      -15.741494
                  165.58                      -15.942019
                  165.84                      -16.145066
               166.10001                      -16.351398
                  166.36                      -16.560792
                  166.62                      -16.771811
                  166.88                      -16.982457
                  167.14                      -17.191301
               167.39999                      -17.398244
                  167.66                      -17.604313
                  167.92                      -17.810577
               168.17999                      -18.016948
                  168.44                      -18.221754
                   168.7                      -18.422477
               168.96001                      -18.617195
                  169.22                      -18.805668
                  169.48                      -18.989198
               169.74001                      -19.169263
                     170                      -19.345871
               170.25999                      -19.516887
                  170.52                      -19.678922
                  170.78                      -19.829251
               171.03999                      -19.967362
                   171.3                      -20.094845
                  171.56                      -20.213552
               171.81999                      -20.323332
                  172.08                      -20.421079
                  172.34                      -20.502047
               172.60001                      -20.562716
                  172.86                      -20.603175
                  173.12                      -20.627111
                  173.38                       -20.63914
                  173.64                      -20.641277
               173.89999                      -20.631041
                  174.16                      -20.602666
                  174.42                      -20.550884
               174.67999                      -20.474837
                  174.94                       -20.37938
                   175.2                      -20.272777
               175.46001                      -20.162357
                  175.72                      -20.050905
                  175.98                      -19.935856
               176.24001                      -19.811514
                   176.5                      -19.672795
               176.75999                      -19.518183
                  177.02                      -19.350193
                  177.28                      -19.173406
               177.53999                      -18.991689
                   177.8                      -18.806492
                  178.06                      -18.617073
               178.31999                      -18.422158
                  178.58                      -18.221692
                  178.84                      -18.017506
               179.10001                      -17.812576
                  179.36                      -17.609591
                  179.62                      -17.409869
                  179.88                      -17.213294
                  180.14                      -17.019187
               180.39999                      -16.827404
                  180.66                      -16.638905
                  180.92                      -16.455444
               181.17999                       -16.27869
                  181.44                      -16.109401
                   181.7                      -15.947235
               181.96001                      -15.791254
                  182.22                      -15.640751
                  182.48                      -15.495868
               182.74001                      -15.357556
                     183                      -15.226983
               183.25999                        -15.1048
                  183.52                      -14.990762
                  183.78                      -14.883941
               184.03999                      -14.783381
                   184.3                      -14.688749
                  184.56                      -14.600548
               184.81999                      -14.519757
                  185.08                      -14.447167
                  185.34                      -14.382829
               185.60001                      -14.326002
                  185.86                       -14.27563
                  186.12                      -14.231024
                  186.38                      -14.192302
                  186.64                      -14.160299
               186.89999                      -14.135998
                  187.16                      -14.119855
                  187.42                      -14.111469
               187.67999                      -14.109833
                  187.94                       -14.11399
                   188.2                      -14.123692
               188.46001                      -14.139604
                  188.72                      -14.162908
                  188.98                      -14.194554
               189.24001                      -14.234639
                   189.5                      -14.282345
               189.75999                      -14.336479
                  190.02                      -14.396301
                  190.28                      -14.462073
               190.53999                      -14.534949
                   190.8                      -14.616227
                  191.06                      -14.706453
               191.31999                       -14.80495
                  191.58                      -14.910145
                  191.84                      -15.020505
               192.10001                      -15.135524
                  192.36                      -15.256044
                  192.62                      -15.383667
                  192.88                      -15.519563
                  193.14                      -15.663457
               193.39999                      -15.813513
                  193.66                      -15.967265
                  193.92                      -16.123078
               194.17999                       -16.28112
                  194.44                      -16.443126
                   194.7                      -16.610924
               194.96001                      -16.784693
                  195.22                       -16.96209
                  195.48                       -17.13903
               195.74001                      -17.311744
                     196                      -17.478817
               196.25999                      -17.641666
                  196.52                       -17.80286
                  196.78                      -17.963289
               197.03999                      -18.120084
                   197.3                      -18.266993
                  197.56                      -18.397352
               197.81999                      -18.507874
                  198.08                      -18.600479
                  198.34                      -18.680434
               198.60001                      -18.751793
                  198.86                       -18.81327
                  199.12                      -18.857708
                  199.38                      -18.876146
                  199.64                      -18.864271
               199.89999                      -18.826667
                  200.16                      -18.775221
                  200.42                      -18.722208
               200.67999                      -18.672377
                  200.94                      -18.618984
                   201.2                      -18.546547
               201.46001                      -18.439733
                  201.72                      -18.293641
                  201.98                      -18.118727
               202.24001                      -17.936706
                   202.5                      -17.770445
               202.75999                      -17.634151
                  203.02                       -17.52847
                  203.28                      -17.441711
               203.53999                      -17.356158
                   203.8                      -17.256732
                  204.06                      -17.137797
               204.31999                      -17.004504
                  204.58                      -16.868332
                  204.84                      -16.740193
               205.10001                      -16.625245
                  205.36                      -16.521671
                  205.62                      -16.423193
                  205.88                       -16.32343
                  206.14                      -16.219568
               206.39999                      -16.113425
                  206.66                      -16.009679
                  206.92                      -15.912738
               207.17999                      -15.824206
                  207.44                      -15.742313
                   207.7                      -15.663321
               207.96001                      -15.583921
                  208.22                      -15.503149
                  208.48                      -15.422775
               208.74001                      -15.346033
                     209                      -15.275616
               209.25999                      -15.212102
                  209.52                       -15.15372
                  209.78                      -15.097472
               210.03999                      -15.040948
                   210.3                      -14.983743
                  210.56                      -14.927633
               210.81999                      -14.875413
                  211.08                      -14.829111
                  211.34                      -14.788647
               211.60001                      -14.751766
                  211.86                        -14.7153
                  212.12                      -14.677078
                  212.38                       -14.63729
                  212.64                      -14.598404
               212.89999                      -14.563597
                  213.16                       -14.53464
                  213.42                      -14.510564
               213.67999                      -14.488022
                  213.94                      -14.463264
                   214.2                      -14.434559
               214.46001                      -14.403503
                  214.72                      -14.374145
                  214.98                      -14.350383
               215.24001                       -14.33322
                   215.5                      -14.319715
               215.75999                      -14.304505
                  216.02                      -14.283204
                  216.28                      -14.255569
               216.53999                      -14.226122
                   216.8                      -14.201481
                  217.06                      -14.185917
               217.31999                      -14.177979
                  217.58                      -14.170566
                  217.84                      -14.154988
               218.10001                      -14.126899
                  218.36                      -14.090173
                  218.62                      -14.055509
                  218.88                      -14.033984
                  219.14                      -14.029279
               219.39999                      -14.033195
                  219.66                      -14.027821
                  219.92                      -13.994736
               220.17999                      -13.927017
                  220.44                      -13.836158
                   220.7                      -13.748316
               220.96001                      -13.692095
                  221.22                      -13.685221
                  221.48                      -13.726219
               221.74001                       -13.79377
                     222                      -13.854657
               222.25999                      -13.878694
                  222.52                      -13.853835
                  222.78                      -13.791374
               223.03999                      -13.717279
                   223.3                      -13.656572
                  223.56                      -13.621117
               223.81999                      -13.606342
                  224.08                      -13.596675
                  224.34                      -13.576038
               224.60001                      -13.537496
                  224.86                      -13.486309
                  225.12                      -13.434941
                  225.38                      -13.394272
                  225.64                       -13.36706
               225.89999                      -13.347209
                  226.16                      -13.324573
                  226.42                      -13.291947
               226.67999                      -13.249642
                  226.94                      -13.204732
                   227.2                      -13.165866
               227.46001                      -13.137577
                  227.72                      -13.117756
                  227.98                      -13.099586
               228.24001                      -13.076441
                   228.5                      -13.046407
               228.75999                      -13.013389
                  229.02                      -12.984214
                  229.28                      -12.963973
               229.53999                      -12.952822
                   229.8                      -12.946212
                  230.06                      -12.938209
               230.31999                      -12.925637
                  230.58                      -12.910194
                  230.84                      -12.897157
               231.10001                      -12.891704
                  231.36                      -12.895485
                  231.62                      -12.905679
                  231.88                      -12.917064
                  232.14                      -12.925649
               232.39999                      -12.931394
                  232.66                      -12.938135
                  232.92                      -12.950834
               233.17999                       -12.97215
                  233.44                      -13.000658
                   233.7                      -13.031859
               233.96001                      -13.061258
                  234.22                      -13.087418
                  234.48                      -13.112854
               234.74001                      -13.142158
                     235                      -13.178722
               235.25999                      -13.222341
                  235.52                      -13.269307
                  235.78                      -13.314899
               236.03999                      -13.356585
                   236.3                      -13.395694
                  236.56                      -13.436364
               236.81999                      -13.482522
                  237.08                      -13.535055
                  237.34                      -13.591101
               237.60001                      -13.645928
                  237.86                      -13.696154
                  238.12                      -13.742034
                  238.38                      -13.787165
                  238.64                      -13.835833
               238.89999                      -13.889872
                  239.16                      -13.947273
                  239.42                      -14.003457
               239.67999                      -14.054384
                  239.94                      -14.099324
                   240.2                       -14.14127
               240.46001                      -14.184683
                  240.72                        -14.2322
                  240.98                      -14.282646
               241.24001                      -14.331722
                   241.5                      -14.374926
               241.75999                      -14.410662
                  242.02                      -14.441286
                  242.28                      -14.471296
               242.53999                         -14.504
                   242.8                      -14.539049
                  243.06                      -14.572579
               243.31999                      -14.599858
                  243.58                      -14.618605
                  243.84                      -14.630572
               244.10001                      -14.640202
                  244.36                      -14.651362
                  244.62                      -14.664536
                  244.88                      -14.676453
                  245.14                      -14.682388
               245.39999                      -14.679552
                  245.66                      -14.669095
                  245.92                      -14.655243
               246.17999                      -14.642233
                  246.44                      -14.631287
                   246.7                      -14.619772
               246.96001                      -14.603113
                  247.22                      -14.578104
                  247.48                      -14.545234
               247.74001                      -14.508341
                     248                      -14.471848
               248.25999                      -14.437662
                  248.52                      -14.403916
                  248.78                      -14.366429
               249.03999                      -14.321794
                   249.3                      -14.269938
                  249.56                      -14.214258
               249.81999                      -14.159277
                  250.08                      -14.107581
                  250.34                      -14.058205
               250.60001                      -14.007544
                  250.86                      -13.952147
                  251.12                      -13.891365
                  251.38                       -13.82799
                  251.64                      -13.766429
               251.89999                      -13.709799
                  252.16                      -13.657978
                  252.42                      -13.607962
               252.67999                      -13.556201
                  252.94                      -13.501281
                   253.2                      -13.445042
               253.46001                      -13.391328
                  253.72                      -13.343318
                  253.98                      -13.301329
               254.24001                      -13.262601
                   254.5                      -13.223222
               254.75999                      -13.180854
                  255.02                      -13.136385
                  255.28                      -13.093336
               255.53999                       -13.05548
                   255.8                      -13.024371
                  256.06                      -12.998479
               256.32001                       -12.97446
               256.57999                      -12.949668
                  256.84                      -12.924143
               257.10001                      -12.900655
               257.35999                      -12.882774
                  257.62                       -12.87237
                  257.88                       -12.86827
               258.13998                      -12.866996
               258.39999                      -12.865107
                  258.66                      -12.861523
               258.92001                      -12.858189
               259.17999                      -12.858609
                  259.44                       -12.86527
               259.70001                      -12.877788
               259.95999                      -12.893048
                  260.22                      -12.907251
               260.48001                      -12.918489
               260.73999                      -12.928012
                     261                      -12.939262
               261.26001                      -12.955349
               261.51999                      -12.976762
                  261.78                      -13.000912
               262.04001                      -13.023828
               262.29999                      -13.042881
                  262.56                        -13.0586
               262.82001                      -13.074249
               263.07999                       -13.09346
                  263.34                      -13.117599
               263.60001                      -13.144717
               263.85999                      -13.170832
                  264.12                      -13.192683
                  264.38                      -13.210035
               264.63998                      -13.225837
               264.89999                      -13.244106
                  265.16                      -13.267041
               265.42001                      -13.293412
               265.67999                      -13.319363
                  265.94                      -13.341088
               266.20001                      -13.357546
               266.45999                      -13.371212
                  266.72                      -13.386316
               266.98001                      -13.405802
               267.23999                      -13.429205
                   267.5                      -13.452909
               267.76001                      -13.472655
               268.01999                      -13.486568
                  268.28                      -13.496509
               268.54001                      -13.506751
               268.79999                      -13.520901
                  269.06                       -13.53931
               269.32001                      -13.558762
               269.57999                      -13.574706
                  269.84                      -13.584495
               270.10001                      -13.589316
               270.35999                      -13.593366
                  270.62                       -13.60086
                  270.88                      -13.613029
               271.13998                      -13.627237
               271.39999                      -13.638818
                  271.66                      -13.644431
               271.92001                      -13.644502
               272.17999                      -13.642983
                  272.44                      -13.644541
               272.70001                      -13.651247
               272.95999                      -13.661078
                  273.22                      -13.669302
               273.48001                      -13.671803
               273.73999                      -13.668034
                     274                      -13.661415
               274.26001                       -13.65687
               274.51999                      -13.657314
                  274.78                      -13.661584
               275.04001                      -13.665266
               275.29999                      -13.663866
                  275.56                      -13.656104
               275.82001                      -13.644916
               276.07999                      -13.635407
                  276.34                      -13.631238
               276.60001                      -13.632036
               276.85999                      -13.633641
                  277.12                       -13.63104
                  277.38                      -13.621972
               277.63998                      -13.608592
               277.89999                      -13.595951
                  278.16                      -13.588391
               278.42001                      -13.586457
               278.67999                      -13.586488
                  278.94                       -13.58318
               279.20001                      -13.573379
               279.45999                      -13.558386
                  279.72                      -13.543052
               279.98001                      -13.532315
               280.23999                      -13.527686
                   280.5                      -13.526162
               280.76001                      -13.522315
               281.01999                      -13.512154
                  281.28                      -13.496031
               281.54001                      -13.478418
               281.79999                      -13.464715
                  282.06                      -13.457409
               282.32001                      -13.454296
               282.57999                      -13.450002
                  282.84                      -13.439791
               283.10001                      -13.422991
               283.35999                       -13.40352
                  283.62                      -13.387086
                  283.88                       -13.37713
               284.13998                      -13.372372
               284.39999                       -13.36768
                  284.66                      -13.357694
               284.92001                       -13.34068
               285.17999                      -13.319827
                  285.44                      -13.300977
               285.70001                      -13.288466
               285.95999                      -13.282044
                  286.22                      -13.277015
               286.48001                      -13.267537
               286.73999                      -13.250809
                     287                      -13.229131
               287.26001                      -13.208284
               287.51999                      -13.193407
                  287.78                      -13.185352
               288.04001                      -13.180051
               288.29999                      -13.171356
                  288.56                      -13.155423
               288.82001                      -13.133524
               289.07999                      -13.111166
                  289.34                       -13.09417
               289.60001                      -13.084534
               289.85999                      -13.079001
                  290.12                      -13.071314
                  290.38                      -13.056653
               290.63998                      -13.035144
               290.89999                       -13.01181
                  291.16                      -12.992993
               291.42001                      -12.981851
               291.67999                      -12.976109
                  291.94                      -12.969614
               292.20001                      -12.956682
               292.45999                      -12.936203
                  292.72                        -12.9125
               292.98001                       -12.89225
               293.23999                      -12.879743
                   293.5                      -12.873834
               293.76001                      -12.868705
               294.01999                      -12.857943
                  294.28                      -12.839155
               294.54001                      -12.815744
               294.79999                      -12.794509
                  295.06                      -12.780792
               295.32001                      -12.774701
               295.57999                      -12.770972
                  295.84                      -12.762637
               296.10001                      -12.745994
               296.35999                      -12.723329
                  296.62                      -12.701307
                  296.88                      -12.686214
               297.13998                      -12.679494
               297.39999                      -12.676677
                  297.66                      -12.670454
               297.92001                      -12.655873
               298.17999                      -12.633948
                  298.44                      -12.610985
               298.70001                      -12.594087
               298.95999                       -12.58611
                  299.22                      -12.583622
               299.48001                      -12.579242
               299.73999                      -12.566861
                     300                      -12.546078

