        Frequency / MHz                S2,2 (Mesh Pass=6)/abs,dB
----------------------------------------------------------------------
                      40                      -3.1560806
               40.259998                      -3.2028469
                   40.52                      -3.2509398
               40.779999                      -3.3004218
               41.040001                       -3.351353
               41.299999                      -3.4037899
               41.560001                       -3.457799
                   41.82                      -3.5134507
               42.079998                      -3.5708277
                   42.34                      -3.6300134
               42.599998                      -3.6910865
               42.860001                      -3.7541193
               43.119999                      -3.8191731
               43.380001                      -3.8862989
               43.639999                      -3.9555443
               43.900002                      -4.0269596
                   44.16                      -4.1005996
               44.419998                       -4.176524
                   44.68                      -4.2547959
               44.939999                      -4.3354711
               45.200001                      -4.4185934
               45.459999                      -4.5041939
               45.720001                      -4.5922865
                   45.98                      -4.6828752
               46.240002                      -4.7759582
                    46.5                      -4.8715345
               46.759998                      -4.9696029
                   47.02                      -5.0701603
               47.279999                       -5.173194
               47.540001                      -5.2786759
               47.799999                      -5.3865576
               48.060001                      -5.4967647
                   48.32                      -5.6092061
               48.579998                      -5.7237741
                   48.84                      -5.8403563
               49.099998                      -5.9588369
               49.360001                      -6.0790892
               49.619999                      -6.2009817
               49.880001                      -6.3243604
               50.139999                      -6.4490479
               50.400002                      -6.5748387
                   50.66                      -6.7015033
               50.919998                      -6.8287926
                   51.18                      -6.9564515
               51.439999                      -7.0842214
               51.700001                      -7.2118442
               51.959999                      -7.3390607
               52.220001                      -7.4656046
                   52.48                      -7.5911928
               52.740002                      -7.7155258
                      53                      -7.8382897
               53.259998                      -7.9591641
                   53.52                      -8.0778352
               53.779999                      -8.1940085
               54.040001                      -8.3074191
               54.299999                       -8.417826
               54.560001                      -8.5250139
                   54.82                       -8.628781
               55.079998                       -8.728931
                   55.34                       -8.825271
               55.599998                      -8.9176181
               55.860001                      -9.0058108
               56.119999                      -9.0897231
               56.380001                      -9.1692814
               56.639999                      -9.2444711
               56.900002                       -9.315323
                   57.16                      -9.3819175
               57.419998                      -9.4443588
                   57.68                      -9.5027635
               57.939999                      -9.5572574
               58.200001                      -9.6079672
               58.459999                      -9.6550378
               58.720001                      -9.6986374
                   58.98                      -9.7389668
               59.240002                      -9.7762588
                    59.5                      -9.8107702
               59.759998                      -9.8427731
                   60.02                      -9.8725356
               60.279999                      -9.9003174
               60.540001                      -9.9263667
               60.799999                      -9.9509241
               61.060001                      -9.9742341
                   61.32                      -9.9965517
               61.579998                      -10.018152
                   61.84                      -10.039318
               62.099998                      -10.060336
               62.360001                      -10.081482
               62.619999                      -10.103012
               62.880001                      -10.125165
               63.139999                      -10.148168
               63.400002                      -10.172247
                   63.66                      -10.197642
               63.919998                      -10.224621
                   64.18                      -10.253468
               64.440002                      -10.284491
               64.699997                      -10.317998
               64.959999                      -10.354294
               65.220001                      -10.393681
               65.480003                      -10.436468
               65.739998                      -10.482985
                      66                      -10.533608
               66.260002                      -10.588771
               66.519997                       -10.64898
               66.779999                      -10.714806
               67.040001                      -10.786886
               67.300003                      -10.865911
               67.559998                      -10.952636
                   67.82                      -11.047899
               68.080002                      -11.152647
               68.339996                      -11.267976
               68.599998                      -11.395166
               68.860001                      -11.535712
               69.120003                       -11.69134
               69.379997                      -11.864011
               69.639999                      -12.055928
               69.900002                      -12.269538
               70.159996                      -12.507542
               70.419998                      -12.772904
                   70.68                      -13.068845
               70.940002                      -13.398799
               71.199997                       -13.76631
               71.459999                      -14.174811
               71.720001                      -14.627286
               71.980003                      -15.125737
               72.239998                      -15.670417
                    72.5                      -16.258792
               72.760002                      -16.884157
               73.019997                      -17.533987
               73.279999                      -18.188259
               73.540001                      -18.818485
               73.800003                      -19.388768
               74.059998                      -19.860423
                   74.32                      -20.200536
               74.580002                      -20.391741
               74.839996                      -20.437867
               75.099998                      -20.361702
               75.360001                      -20.196512
               75.620003                      -19.976667
               75.879997                      -19.731439
               76.139999                      -19.482703
               76.400002                      -19.245263
               76.659996                      -19.028272
               76.919998                      -18.836808
                   77.18                      -18.673193
               77.440002                       -18.53798
               77.699997                      -18.430634
               77.959999                      -18.350005
               78.220001                      -18.294639
               78.480003                      -18.262989
               78.739998                      -18.253539
                      79                      -18.264882
               79.260002                      -18.295741
               79.519997                      -18.344979
               79.779999                      -18.411584
               80.040001                       -18.49466
               80.300003                      -18.593421
               80.559998                      -18.707193
                   80.82                      -18.835418
               81.080002                      -18.977652
               81.339996                      -19.133557
               81.599998                      -19.302889
               81.860001                      -19.485471
               82.120003                       -19.68118
               82.379997                      -19.889934
               82.639999                      -20.111693
               82.900002                      -20.346476
               83.159996                      -20.594375
               83.419998                      -20.855564
                   83.68                      -21.130301
               83.940002                      -21.418915
               84.199997                      -21.721779
               84.459999                      -22.039281
               84.720001                      -22.371807
               84.980003                      -22.719722
               85.239998                      -23.083376
                    85.5                        -23.4631
               85.760002                      -23.859209
               86.019997                       -24.27196
               86.279999                      -24.701494
               86.540001                      -25.147727
               86.800003                      -25.610205
               87.059998                      -26.087913
                   87.32                      -26.579056
               87.580002                      -27.080787
               87.839996                      -27.588871
               88.099998                      -28.097294
               88.360001                      -28.597803
               88.620003                       -29.07947
               88.879997                      -29.528435
               89.139999                      -29.928119
               89.400002                      -30.260222
               89.659996                      -30.506776
               89.919998                      -30.653038
                   90.18                       -30.69051
               90.440002                      -30.618911
               90.699997                        -30.4462
               90.959999                      -30.186681
               91.220001                      -29.858041
               91.480003                      -29.478477
               91.739998                       -29.06464
                      92                       -28.63057
               92.260002                      -28.187427
               92.519997                      -27.743666
               92.779999                      -27.305432
               93.040001                      -26.876997
               93.300003                      -26.461177
               93.559998                      -26.059698
                   93.82                      -25.673498
               94.080002                      -25.302976
               94.339996                      -24.948177
               94.599998                       -24.60893
               94.860001                      -24.284921
               95.120003                      -23.975745
               95.379997                      -23.680929
               95.639999                      -23.399947
               95.900002                      -23.132231
               96.159996                        -22.8772
               96.419998                      -22.634283
                   96.68                      -22.402938
               96.940002                      -22.182668
               97.199997                      -21.973025
               97.459999                       -21.77359
               97.720001                      -21.583972
               97.980003                      -21.403785
               98.239998                      -21.232648
                    98.5                      -21.070182
               98.760002                      -20.916031
               99.019997                      -20.769864
               99.279999                      -20.631395
               99.540001                      -20.500371
               99.800003                       -20.37657
                  100.06                      -20.259784
                  100.32                      -20.149803
                  100.58                      -20.046413
                  100.84                      -19.949395
                   101.1                      -19.858538
                  101.36                      -19.773653
                  101.62                      -19.694579
                  101.88                      -19.621189
                  102.14                      -19.553374
                   102.4                      -19.491036
                  102.66                      -19.434066
                  102.92                      -19.382345
                  103.18                       -19.33574
                  103.44                      -19.294122
                   103.7                      -19.257377
                  103.96                      -19.225424
                  104.22                      -19.198205
                  104.48                      -19.175686
                  104.74                      -19.157837
                     105                       -19.14461
                  105.26                      -19.135942
                  105.52                      -19.131749
                  105.78                      -19.131949
                  106.04                      -19.136478
                   106.3                      -19.145302
                  106.56                       -19.15842
                  106.82                      -19.175852
                  107.08                       -19.19762
                  107.34                      -19.223722
                   107.6                      -19.254129
                  107.86                      -19.288792
                  108.12                      -19.327654
                  108.38                      -19.370686
                  108.64                      -19.417896
                   108.9                      -19.469335
                  109.16                      -19.525081
                  109.42                      -19.585203
                  109.68                      -19.649747
                  109.94                      -19.718707
                   110.2                       -19.79205
                  110.46                      -19.869737
                  110.72                      -19.951761
                  110.98                      -20.038179
                  111.24                      -20.129106
                   111.5                      -20.224698
                  111.76                      -20.325096
                  112.02                      -20.430389
                  112.28                      -20.540592
                  112.54                       -20.65566
                   112.8                      -20.775538
                  113.06                      -20.900231
                  113.32                      -21.029851
                  113.58                      -21.164628
                  113.84                      -21.304864
                   114.1                      -21.450847
                  114.36                      -21.602754
                  114.62                      -21.760587
                  114.88                       -21.92417
                  115.14                      -22.093241
                   115.4                      -22.267575
                  115.66                      -22.447137
                  115.92                      -22.632173
                  116.18                      -22.823208
                  116.44                      -23.020942
                   116.7                      -23.226061
                  116.96                      -23.439045
                  117.22                       -23.66003
                  117.48                      -23.888776
                  117.74                      -24.124768
                     118                      -24.367396
                  118.26                      -24.616168
                  118.52                      -24.870836
                  118.78                      -25.131426
                  119.04                      -25.398109
                   119.3                      -25.670994
                  119.56                      -25.949894
                  119.82                      -26.234179
                  120.08                      -26.522726
                  120.34                      -26.814009
                   120.6                       -27.10623
                  120.86                      -27.397438
                  121.12                      -27.685537
                  121.38                      -27.968166
                  121.64                      -28.242493
                   121.9                      -28.505022
                  122.16                      -28.751508
                  122.42                      -28.977088
                  122.68                       -29.17658
                  122.94                       -29.34491
                   123.2                       -29.47751
                  123.46                      -29.570604
                  123.72                      -29.621372
                  123.98                      -29.628034
                  124.24                      -29.589942
                   124.5                        -29.5077
                  124.76                      -29.383255
                  125.02                      -29.219869
                  125.28                      -29.021865
                  125.54                      -28.794239
                   125.8                      -28.542166
                  126.06                      -28.270613
                  126.32                      -27.984087
                  126.58                      -27.686563
                  126.84                      -27.381537
                   127.1                      -27.072099
                  127.36                      -26.760992
                  127.62                      -26.450614
                  127.88                      -26.142994
                  128.14                      -25.839767
               128.39999                      -25.542192
                  128.66                      -25.251212
                  128.92                      -24.967544
               129.17999                      -24.691773
                  129.44                      -24.424416
                   129.7                      -24.165946
               129.96001                      -23.916777
                  130.22                      -23.677225
                  130.48                      -23.447484
               130.74001                      -23.227621
                     131                      -23.017585
               131.25999                      -22.817248
                  131.52                       -22.62644
                  131.78                      -22.444959
               132.03999                      -22.272576
                   132.3                      -22.109009
                  132.56                      -21.953892
               132.81999                       -21.80677
                  133.08                      -21.667096
                  133.34                      -21.534267
               133.60001                      -21.407654
                  133.86                      -21.286653
                  134.12                      -21.170701
                  134.38                      -21.059284
                  134.64                      -20.951933
               134.89999                      -20.848197
                  135.16                      -20.747647
                  135.42                      -20.649872
               135.67999                      -20.554505
                  135.94                      -20.461236
                   136.2                      -20.369838
               136.46001                      -20.280159
                  136.72                      -20.192116
                  136.98                      -20.105659
               137.24001                      -20.020753
                   137.5                      -19.937363
               137.75999                      -19.855445
                  138.02                      -19.774971
                  138.28                      -19.695933
               138.53999                      -19.618363
                   138.8                      -19.542319
                  139.06                      -19.467882
               139.31999                      -19.395123
                  139.58                      -19.324095
                  139.84                      -19.254822
               140.10001                      -19.187307
                  140.36                      -19.121549
                  140.62                       -19.05756
                  140.88                      -18.995373
                  141.14                      -18.935039
               141.39999                      -18.876611
                  141.66                      -18.820131
                  141.92                      -18.765611
               142.17999                      -18.713041
                  142.44                      -18.662392
                   142.7                      -18.613637
               142.96001                      -18.566766
                  143.22                      -18.521789
                  143.48                       -18.47873
               143.74001                      -18.437615
                     144                      -18.398453
               144.25999                      -18.361229
                  144.52                      -18.325908
                  144.78                      -18.292443
               145.03999                      -18.260797
                   145.3                      -18.230951
                  145.56                      -18.202906
               145.81999                      -18.176679
                  146.08                      -18.152281
                  146.34                      -18.129706
               146.60001                      -18.108926
                  146.86                      -18.089893
                  147.12                      -18.072557
                  147.38                      -18.056877
                  147.64                      -18.042841
               147.89999                       -18.03045
                  148.16                      -18.019719
                  148.42                      -18.010654
               148.67999                       -18.00324
                  148.94                      -17.997441
                   149.2                      -17.993203
               149.46001                      -17.990476
                  149.72                      -17.989225
                  149.98                       -17.98944
               150.24001                      -17.991132
                   150.5                      -17.994315
               150.75999                      -17.998992
                  151.02                       -18.00514
                  151.28                      -18.012714
               151.53999                      -18.021657
                   151.8                       -18.03192
                  152.06                      -18.043472
               152.31999                      -18.056314
                  152.58                      -18.070462
                  152.84                      -18.085931
               153.10001                      -18.102718
                  153.36                       -18.12079
                  153.62                      -18.140094
                  153.88                      -18.160564
                  154.14                      -18.182153
               154.39999                       -18.20484
                  154.66                      -18.228632
                  154.92                       -18.25355
               155.17999                      -18.279611
                  155.44                      -18.306802
                   155.7                      -18.335077
               155.96001                      -18.364365
                  156.22                      -18.394596
                  156.48                      -18.425721
               156.74001                      -18.457726
                     157                      -18.490631
               157.25999                      -18.524464
                  157.52                      -18.559238
                  157.78                      -18.594923
               158.03999                      -18.631452
                   158.3                      -18.668733
                  158.56                      -18.706683
               158.81999                      -18.745253
                  159.08                      -18.784444
                  159.34                      -18.824291
               159.60001                      -18.864831
                  159.86                      -18.906067
                  160.12                      -18.947948
                  160.38                      -18.990368
                  160.64                        -19.0332
               160.89999                      -19.076344
                  161.16                      -19.119756
                  161.42                       -19.16346
               161.67999                      -19.207525
                  161.94                      -19.252009
                   162.2                      -19.296905
               162.46001                      -19.342119
                  162.72                      -19.387473
                  162.98                       -19.43277
               163.24001                      -19.477866
                   163.5                      -19.522731
               163.75999                      -19.567465
                  164.02                      -19.612257
                  164.28                       -19.65729
               164.53999                      -19.702645
                   164.8                      -19.748219
                  165.06                      -19.793719
               165.31999                      -19.838729
                  165.58                      -19.882822
                  165.84                      -19.925695
               166.10001                      -19.967258
                  166.36                      -20.007643
                  166.62                      -20.047144
                  166.88                      -20.086085
                  167.14                      -20.124696
               167.39999                      -20.163028
                  167.66                       -20.20093
                  167.92                      -20.238118
               168.17999                      -20.274267
                  168.44                      -20.309126
                   168.7                      -20.342575
               168.96001                      -20.374629
                  169.22                      -20.405383
                  169.48                      -20.434936
               169.74001                      -20.463314
                     170                      -20.490453
               170.25999                      -20.516209
                  170.52                      -20.540415
                  170.78                      -20.562942
               171.03999                      -20.583733
                   171.3                      -20.602803
                  171.56                      -20.620208
               171.81999                      -20.635992
                  172.08                      -20.650155
                  172.34                      -20.662637
               172.60001                      -20.673342
                  172.86                      -20.682172
                  173.12                      -20.689069
                  173.38                      -20.694028
                  173.64                       -20.69709
               173.89999                      -20.698312
                  174.16                      -20.697734
                  174.42                      -20.695356
               174.67999                      -20.691142
                  174.94                      -20.685042
                   175.2                      -20.677016
               175.46001                      -20.667065
                  175.72                      -20.655226
                  175.98                      -20.641566
               176.24001                      -20.626151
                   176.5                      -20.609026
               176.75999                      -20.590204
                  177.02                      -20.569677
                  177.28                      -20.547434
               177.53999                      -20.523483
                   177.8                      -20.497864
                  178.06                      -20.470645
               178.31999                      -20.441906
                  178.58                      -20.411718
                  178.84                      -20.380128
               179.10001                      -20.347162
                  179.36                      -20.312835
                  179.62                      -20.277165
                  179.88                      -20.240193
                  180.14                      -20.201984
               180.39999                      -20.162623
                  180.66                      -20.122196
                  180.92                      -20.080776
               181.17999                      -20.038419
                  181.44                      -19.995165
                   181.7                      -19.951054
               181.96001                      -19.906139
                  182.22                      -19.860491
                  182.48                      -19.814208
               182.74001                      -19.767399
                     183                      -19.720169
               183.25999                      -19.672621
                  183.52                      -19.624838
                  183.78                      -19.576906
               184.03999                      -19.528914
                   184.3                      -19.480969
                  184.56                      -19.433201
               184.81999                      -19.385753
                  185.08                      -19.338773
                  185.34                      -19.292403
               185.60001                      -19.246769
                  185.86                      -19.201979
                  186.12                       -19.15813
                  186.38                      -19.115311
                  186.64                      -19.073609
               186.89999                      -19.033102
                  187.16                      -18.993858
                  187.42                      -18.955915
               187.67999                      -18.919278
                  187.94                      -18.883914
                   188.2                      -18.849754
               188.46001                      -18.816708
                  188.72                      -18.784673
                  188.98                      -18.753538
               189.24001                      -18.723196
                   189.5                      -18.693534
               189.75999                      -18.664435
                  190.02                      -18.635778
                  190.28                       -18.60744
               190.53999                      -18.579299
                   190.8                      -18.551255
                  191.06                      -18.523224
               191.31999                       -18.49515
                  191.58                      -18.466998
                  191.84                      -18.438746
               192.10001                      -18.410379
                  192.36                      -18.381885
                  192.62                      -18.353252
                  192.88                      -18.324476
                  193.14                      -18.295563
               193.39999                      -18.266534
                  193.66                      -18.237422
                  193.92                      -18.208268
               194.17999                       -18.17911
                  194.44                      -18.149984
                   194.7                      -18.120917
               194.96001                      -18.091927
                  195.22                      -18.063035
                  195.48                      -18.034267
               195.74001                      -18.005653
                     196                       -17.97723
               196.25999                      -17.949036
                  196.52                      -17.921101
                  196.78                      -17.893451
               197.03999                      -17.866101
                   197.3                      -17.839061
                  197.56                      -17.812344
               197.81999                      -17.785964
                  198.08                      -17.759943
                  198.34                      -17.734305
               198.60001                      -17.709074
                  198.86                      -17.684268
                  199.12                      -17.659895
                  199.38                      -17.635957
                  199.64                      -17.612455
               199.89999                      -17.589393
                  200.16                      -17.566778
                  200.42                      -17.544624
               200.67999                      -17.522944
                  200.94                       -17.50175
                   201.2                      -17.481049
               201.46001                      -17.460841
                  201.72                      -17.441118
                  201.98                      -17.421876
               202.24001                      -17.403111
                   202.5                      -17.384828
               202.75999                      -17.367034
                  203.02                      -17.349737
                  203.28                      -17.332939
               203.53999                       -17.31664
                   203.8                      -17.300831
                  204.06                        -17.2855
               204.31999                      -17.270641
                  204.58                      -17.256248
                  204.84                      -17.242322
               205.10001                      -17.228865
                  205.36                       -17.21588
                  205.62                      -17.203366
                  205.88                      -17.191313
                  206.14                      -17.179712
               206.39999                      -17.168548
                  206.66                      -17.157811
                  206.92                      -17.147498
               207.17999                      -17.137604
                  207.44                      -17.128134
                   207.7                      -17.119084
               207.96001                       -17.11045
                  208.22                      -17.102219
                  208.48                      -17.094378
               208.74001                      -17.086915
                     209                      -17.079817
               209.25999                      -17.073083
                  209.52                       -17.06671
                  209.78                      -17.060698
               210.03999                      -17.055043
                   210.3                      -17.049735
                  210.56                      -17.044763
               210.81999                      -17.040112
                  211.08                      -17.035772
                  211.34                       -17.03173
               211.60001                      -17.027986
                  211.86                      -17.024539
                  212.12                      -17.021386
                  212.38                      -17.018521
                  212.64                      -17.015936
               212.89999                      -17.013614
                  213.16                      -17.011543
                  213.42                      -17.009713
               213.67999                      -17.008118
                  213.94                      -17.006753
                   214.2                       -17.00562
               214.46001                      -17.004713
                  214.72                      -17.004028
                  214.98                      -17.003549
               215.24001                      -17.003268
                   215.5                      -17.003169
               215.75999                      -17.003244
                  216.02                      -17.003489
                  216.28                      -17.003901
               216.53999                       -17.00448
                   216.8                      -17.005221
                  217.06                      -17.006116
               217.31999                      -17.007151
                  217.58                      -17.008315
                  217.84                      -17.009598
               218.10001                      -17.010991
                  218.36                      -17.012491
                  218.62                      -17.014098
                  218.88                      -17.015809
                  219.14                      -17.017619
               219.39999                      -17.019521
                  219.66                      -17.021499
                  219.92                      -17.023542
               220.17999                       -17.02564
                  220.44                       -17.02779
                   220.7                       -17.02999
               220.96001                      -17.032238
                  221.22                      -17.034532
                  221.48                      -17.036867
               221.74001                      -17.039229
                     222                      -17.041608
               222.25999                      -17.043995
                  222.52                       -17.04638
                  222.78                      -17.048762
               223.03999                      -17.051139
                   223.3                      -17.053512
                  223.56                      -17.055876
               223.81999                      -17.058224
                  224.08                      -17.060544
                  224.34                      -17.062827
               224.60001                      -17.065062
                  224.86                      -17.067245
                  225.12                      -17.069375
                  225.38                      -17.071453
                  225.64                      -17.073477
               225.89999                       -17.07544
                  226.16                      -17.077337
                  226.42                      -17.079157
               226.67999                      -17.080889
                  226.94                      -17.082527
                   227.2                      -17.084067
               227.46001                       -17.08551
                  227.72                      -17.086857
                  227.98                      -17.088106
               228.24001                      -17.089252
                   228.5                      -17.090285
               228.75999                      -17.091195
                  229.02                      -17.091975
                  229.28                      -17.092619
               229.53999                      -17.093127
                   229.8                        -17.0935
                  230.06                      -17.093739
               230.31999                      -17.093841
                  230.58                        -17.0938
                  230.84                      -17.093608
               231.10001                      -17.093254
                  231.36                      -17.092733
                  231.62                      -17.092043
                  231.88                      -17.091184
                  232.14                      -17.090158
               232.39999                      -17.088966
                  232.66                      -17.087605
                  232.92                      -17.086069
               233.17999                      -17.084347
                  233.44                      -17.082433
                   233.7                      -17.080325
               233.96001                      -17.078019
                  234.22                       -17.07552
                  234.48                       -17.07283
               234.74001                      -17.069949
                     235                      -17.066874
               235.25999                      -17.063597
                  235.52                      -17.060112
                  235.78                      -17.056411
               236.03999                      -17.052496
                   236.3                      -17.048367
                  236.56                       -17.04403
               236.81999                      -17.039485
                  237.08                      -17.034733
                  237.34                       -17.02977
               237.60001                      -17.024589
                  237.86                      -17.019187
                  238.12                      -17.013558
                  238.38                      -17.007703
                  238.64                      -17.001632
               238.89999                      -16.995343
                  239.16                      -16.988843
                  239.42                      -16.982131
               239.67999                      -16.975202
                  239.94                      -16.968051
                   240.2                      -16.960676
               240.46001                      -16.953074
                  240.72                      -16.945253
                  240.98                      -16.937217
               241.24001                      -16.928972
                   241.5                      -16.920523
               241.75999                      -16.911865
                  242.02                      -16.902997
                  242.28                      -16.893917
               242.53999                      -16.884623
                   242.8                      -16.875116
                  243.06                      -16.865406
               243.31999                      -16.855497
                  243.58                      -16.845399
                  243.84                      -16.835113
               244.10001                      -16.824637
                  244.36                      -16.813969
                  244.62                      -16.803107
                  244.88                      -16.792056
                  245.14                      -16.780817
               245.39999                      -16.769403
                  245.66                      -16.757818
                  245.92                      -16.746071
               246.17999                      -16.734163
                  246.44                      -16.722093
                   246.7                       -16.70986
               246.96001                      -16.697464
                  247.22                       -16.68491
                  247.48                      -16.672204
               247.74001                      -16.659358
                     248                      -16.646378
               248.25999                      -16.633271
                  248.52                      -16.620039
                  248.78                      -16.606677
               249.03999                      -16.593189
                   249.3                      -16.579574
                  249.56                      -16.565842
               249.81999                      -16.551998
                  250.08                      -16.538056
                  250.34                       -16.52402
               250.60001                      -16.509897
                  250.86                      -16.495685
                  251.12                      -16.481385
                  251.38                      -16.466996
                  251.64                      -16.452522
               251.89999                      -16.437973
                  252.16                      -16.423358
                  252.42                      -16.408685
               252.67999                      -16.393962
                  252.94                      -16.379191
                   253.2                      -16.364372
               253.46001                      -16.349502
                  253.72                      -16.334588
                  253.98                       -16.31963
               254.24001                      -16.304642
                   254.5                       -16.28963
               254.75999                      -16.274603
                  255.02                      -16.259569
                  255.28                      -16.244526
               255.53999                      -16.229474
                   255.8                      -16.214414
                  256.06                      -16.199349
               256.32001                      -16.184285
               256.57999                      -16.169232
                  256.84                      -16.154202
               257.10001                      -16.139199
               257.35999                      -16.124228
                  257.62                       -16.10929
                  257.88                      -16.094383
               258.13998                      -16.079509
               258.39999                      -16.064672
                  258.66                      -16.049882
               258.92001                      -16.035148
               259.17999                      -16.020479
                  259.44                      -16.005882
               259.70001                      -15.991358
               259.95999                      -15.976908
                  260.22                      -15.962531
               260.48001                      -15.948229
               260.73999                      -15.934008
                     261                      -15.919878
               261.26001                      -15.905847
               261.51999                      -15.891925
                  261.78                      -15.878114
               262.04001                      -15.864413
               262.29999                      -15.850821
                  262.56                      -15.837334
               262.82001                      -15.823955
               263.07999                      -15.810687
                  263.34                      -15.797536
               263.60001                      -15.784507
               263.85999                      -15.771599
                  264.12                      -15.758809
                  264.38                      -15.746127
               264.63998                      -15.733542
               264.89999                      -15.721043
                  265.16                      -15.708622
               265.42001                      -15.696274
               265.67999                      -15.683992
                  265.94                      -15.671766
               266.20001                      -15.659583
               266.45999                      -15.647422
                  266.72                      -15.635263
               266.98001                      -15.623082
               267.23999                      -15.610857
                   267.5                      -15.598578
               267.76001                      -15.586229
               268.01999                      -15.573804
                  268.28                      -15.561288
               268.54001                       -15.54867
               268.79999                      -15.535939
                  269.06                      -15.523078
               269.32001                      -15.510082
               269.57999                      -15.496949
                  269.84                      -15.483687
               270.10001                      -15.470303
               270.35999                      -15.456811
                  270.62                      -15.443221
                  270.88                      -15.429544
               271.13998                      -15.415784
               271.39999                       -15.40195
                  271.66                      -15.388053
               271.92001                      -15.374109
               272.17999                      -15.360136
                  272.44                      -15.346155
               272.70001                      -15.332185
               272.95999                      -15.318234
                  273.22                      -15.304315
               273.48001                      -15.290427
               273.73999                      -15.276581
                     274                      -15.262781
               274.26001                       -15.24904
               274.51999                      -15.235368
                  274.78                      -15.221779
               275.04001                       -15.20828
               275.29999                      -15.194874
                  275.56                       -15.18156
               275.82001                      -15.168336
               276.07999                      -15.155198
                  276.34                      -15.142153
               276.60001                      -15.129203
               276.85999                      -15.116359
                  277.12                      -15.103622
                  277.38                      -15.090997
               277.63998                      -15.078477
               277.89999                      -15.066059
                  278.16                      -15.053734
               278.42001                      -15.041501
               278.67999                      -15.029362
                  278.94                      -15.017324
               279.20001                      -15.005392
               279.45999                      -14.993572
                  279.72                      -14.981862
               279.98001                      -14.970256
               280.23999                      -14.958747
                   280.5                      -14.947329
               280.76001                      -14.936001
               281.01999                      -14.924767
                  281.28                      -14.913631
               281.54001                      -14.902601
               281.79999                      -14.891677
                  282.06                       -14.88086
               282.32001                      -14.870139
               282.57999                       -14.85951
                  282.84                      -14.848969
               283.10001                      -14.838516
               283.35999                      -14.828157
                  283.62                      -14.817899
                  283.88                      -14.807748
               284.13998                      -14.797704
               284.39999                      -14.787762
                  284.66                      -14.777918
               284.92001                      -14.768166
               285.17999                      -14.758503
                  285.44                      -14.748932
               285.70001                      -14.739463
               285.95999                      -14.730102
                  286.22                      -14.720853
               286.48001                      -14.711717
               286.73999                      -14.702689
                     287                      -14.693763
               287.26001                      -14.684934
               287.51999                      -14.676204
                  287.78                      -14.667579
               288.04001                      -14.659066
               288.29999                      -14.650675
                  288.56                      -14.642408
               288.82001                      -14.634264
               289.07999                      -14.626238
                  289.34                      -14.618324
               289.60001                      -14.610519
               289.85999                      -14.602828
                  290.12                      -14.595258
                  290.38                      -14.587818
               290.63998                      -14.580515
               290.89999                      -14.573351
                  291.16                      -14.566323
               291.42001                      -14.559425
               291.67999                      -14.552651
                  291.94                      -14.546001
               292.20001                      -14.539481
               292.45999                      -14.533098
                  292.72                      -14.526862
               292.98001                      -14.520778
               293.23999                      -14.514843
                   293.5                      -14.509054
               293.76001                      -14.503401
               294.01999                      -14.497881
                  294.28                      -14.492492
               294.54001                      -14.487243
               294.79999                      -14.482139
                  295.06                      -14.477189
               295.32001                      -14.472394
               295.57999                      -14.467747
                  295.84                      -14.463241
               296.10001                      -14.458865
               296.35999                      -14.454615
                  296.62                      -14.450492
                  296.88                        -14.4465
               297.13998                      -14.442647
               297.39999                      -14.438936
                  297.66                      -14.435361
               297.92001                      -14.431917
               298.17999                      -14.428589
                  298.44                      -14.425368
               298.70001                      -14.422246
               298.95999                      -14.419229
                  299.22                      -14.416319
               299.48001                      -14.413521
               299.73999                      -14.410835
                     300                      -14.408255

